VCD info: dumpfile mips.vcd opened for output.
  cycle |  pc      |  inst    d f ra rb rd |  alu_a    alu_b   |  alu_q    ram_din | dst  reg_din
  xxxxx | xxxxxxxx | xxxxxxxx x x  x  x  x | xxxxxxxx xxxxxxxx | 00000000 xxxxxxxx |  x  xxxxxxxx
  xxxxx | 00400000 | 00000000 0 0  0  0  0 | xxxxxxxx xxxxxxxx | 00000000 xxxxxxxx |  x  xxxxxxxx
  00000 | 00400000 | 00000000 0 0  0  0  0 | 00000000 00000000 | 00000000 xxxxxxxx |  0  xxxxxxxx
  00000 | 00400000 | 00000000 0 0  0  0  0 | 00000000 00000000 | 00000000 00000000 |  0  xxxxxxxx
  00001 | 00400004 | 3c011001 0 0  0  0  1 | 00000000 00000000 | 00000000 00000000 |  0  00000000
  00002 | 00400008 | 343d7ffc 0 1  1  0 29 | 00000000 00001001 | 00000000 00000000 |  0  00000000
  00003 | 0040000c | 3c011001 0 0  0  0  1 | 10010000 00007ffc | 10010000 00000000 |  0  00000000
  00004 | 00400010 | 34300000 0 1  1  0 16 | 00000000 00001001 | 10017ffc 00000000 |  1  10010000
  00005 | 00400014 | 24020001 0 0  0  0  2 | 10010000 00000000 | 10010000 00000000 | 29  10017ffc
  00006 | 00400018 | 2404000d 0 0  0  0  4 | 00000000 00000001 | 10010000 00000000 |  1  10010000
  00007 | 0040001c | ae040000 0 1 16  4  0 | 00000000 0000000d | 00000001 00000000 | 16  10010000
  00008 | 00400020 | 24020001 0 0  0  0  2 | 10010000 00000000 | 0000000d 00000000 |  2  00000001
  00009 | 00400024 | 0000000c 0 0  0  0  0 | 00000000 00000001 | 10010000 0000000d |  4  0000000d
  0000a | 00400028 | 00108820 0 0  0 16 17 | 00000000 00000000 | 00000001 00000000 |  0  10010000
  0000b | 0040002c | 0c10000f 0 0  0  0 31 | 00000000 10010000 | 00000000 00000000 |  2  00000001
  0000c | 0040003c | afbf0000 0 1 29 31  0 | 00000000 0000000f | 10010000 10010000 |  0  00000000
  0000d | 00400040 | 23bdfff8 0 0 29  0 29 | 10017ffc 00000000 | 00400030 00000000 | 17  10010000
  0000e | 00400044 | afbf0004 0 1 29 31  0 | 10017ffc fffffff8 | 10017ffc 00400030 | 31  00400030
  0000f | 00400048 | 28880001 0 0  4  0  8 | 10017ff4 00000004 | 10017ff4 00000000 |  0  10017ffc
  00010 | 0040004c | 11000004 1 0  8  0  0 | 0000000d 00000001 | 10017ff8 00400030 | 29  10017ff4
  00011 | 0040004c | 11000004 0 1  8  0  0 | 00000000 00000000 | 00000000 00000000 |  0  10017ff8
  00012 | 0040005c | afb00000 0 0 29 16  0 | 00000000 00000004 | 00000000 00000000 |  8  00000000
  00013 | 00400060 | 00048020 0 0  0  4 16 | 10017ff4 00000000 | 00000000 00000000 |  0  00000000
  00014 | 00400064 | 0c10000f 0 0  0  0 31 | 00000000 0000000d | 10017ff4 10010000 |  0  00000000
  00015 | 0040003c | 2084ffff 0 0  4  0  4 | 00000000 0000000f | 0000000d 0000000d |  0  10017ff4
  00016 | 00400040 | 23bdfff8 0 0 29  0 29 | 0000000d ffffffff | 00400068 00000000 | 16  0000000d
  00017 | 00400044 | afbf0004 0 1 29 31  0 | 10017ff4 fffffff8 | 0000000c 00000000 | 31  00400068
  00018 | 00400048 | 28880001 0 0  4  0  8 | 10017fec 00000004 | 10017fec 00000000 |  4  0000000c
  00019 | 0040004c | 11000004 1 0  8  0  0 | 0000000c 00000001 | 10017ff0 00400068 | 29  10017fec
  0001a | 0040004c | 11000004 0 1  8  0  0 | 00000000 00000000 | 00000000 00000000 |  0  10017ff0
  0001b | 0040005c | afb00000 0 0 29 16  0 | 00000000 00000004 | 00000000 00000000 |  8  00000000
  0001c | 00400060 | 00048020 0 0  0  4 16 | 10017fec 00000000 | 00000000 00000000 |  0  00000000
  0001d | 00400064 | 0c10000f 0 0  0  0 31 | 00000000 0000000c | 10017fec 0000000d |  0  00000000
  0001e | 0040003c | 2084ffff 0 0  4  0  4 | 00000000 0000000f | 0000000c 0000000c |  0  10017fec
  0001f | 00400040 | 23bdfff8 0 0 29  0 29 | 0000000c ffffffff | 00400068 00000000 | 16  0000000c
  00020 | 00400044 | afbf0004 0 1 29 31  0 | 10017fec fffffff8 | 0000000b 00000000 | 31  00400068
  00021 | 00400048 | 28880001 0 0  4  0  8 | 10017fe4 00000004 | 10017fe4 00000000 |  4  0000000b
  00022 | 0040004c | 11000004 1 0  8  0  0 | 0000000b 00000001 | 10017fe8 00400068 | 29  10017fe4
  00023 | 0040004c | 11000004 0 1  8  0  0 | 00000000 00000000 | 00000000 00000000 |  0  10017fe8
  00024 | 0040005c | afb00000 0 0 29 16  0 | 00000000 00000004 | 00000000 00000000 |  8  00000000
  00025 | 00400060 | 00048020 0 0  0  4 16 | 10017fe4 00000000 | 00000000 00000000 |  0  00000000
  00026 | 00400064 | 0c10000f 0 0  0  0 31 | 00000000 0000000b | 10017fe4 0000000c |  0  00000000
  00027 | 0040003c | 2084ffff 0 0  4  0  4 | 00000000 0000000f | 0000000b 0000000b |  0  10017fe4
  00028 | 00400040 | 23bdfff8 0 0 29  0 29 | 0000000b ffffffff | 00400068 00000000 | 16  0000000b
  00029 | 00400044 | afbf0004 0 1 29 31  0 | 10017fe4 fffffff8 | 0000000a 00000000 | 31  00400068
  0002a | 00400048 | 28880001 0 0  4  0  8 | 10017fdc 00000004 | 10017fdc 00000000 |  4  0000000a
  0002b | 0040004c | 11000004 1 0  8  0  0 | 0000000a 00000001 | 10017fe0 00400068 | 29  10017fdc
  0002c | 0040004c | 11000004 0 1  8  0  0 | 00000000 00000000 | 00000000 00000000 |  0  10017fe0
  0002d | 0040005c | afb00000 0 0 29 16  0 | 00000000 00000004 | 00000000 00000000 |  8  00000000
  0002e | 00400060 | 00048020 0 0  0  4 16 | 10017fdc 00000000 | 00000000 00000000 |  0  00000000
  0002f | 00400064 | 0c10000f 0 0  0  0 31 | 00000000 0000000a | 10017fdc 0000000b |  0  00000000
  00030 | 0040003c | 2084ffff 0 0  4  0  4 | 00000000 0000000f | 0000000a 0000000a |  0  10017fdc
  00031 | 00400040 | 23bdfff8 0 0 29  0 29 | 0000000a ffffffff | 00400068 00000000 | 16  0000000a
  00032 | 00400044 | afbf0004 0 1 29 31  0 | 10017fdc fffffff8 | 00000009 00000000 | 31  00400068
  00033 | 00400048 | 28880001 0 0  4  0  8 | 10017fd4 00000004 | 10017fd4 00000000 |  4  00000009
  00034 | 0040004c | 11000004 1 0  8  0  0 | 00000009 00000001 | 10017fd8 00400068 | 29  10017fd4
  00035 | 0040004c | 11000004 0 1  8  0  0 | 00000000 00000000 | 00000000 00000000 |  0  10017fd8
  00036 | 0040005c | afb00000 0 0 29 16  0 | 00000000 00000004 | 00000000 00000000 |  8  00000000
  00037 | 00400060 | 00048020 0 0  0  4 16 | 10017fd4 00000000 | 00000000 00000000 |  0  00000000
  00038 | 00400064 | 0c10000f 0 0  0  0 31 | 00000000 00000009 | 10017fd4 0000000a |  0  00000000
  00039 | 0040003c | 2084ffff 0 0  4  0  4 | 00000000 0000000f | 00000009 00000009 |  0  10017fd4
  0003a | 00400040 | 23bdfff8 0 0 29  0 29 | 00000009 ffffffff | 00400068 00000000 | 16  00000009
  0003b | 00400044 | afbf0004 0 1 29 31  0 | 10017fd4 fffffff8 | 00000008 00000000 | 31  00400068
  0003c | 00400048 | 28880001 0 0  4  0  8 | 10017fcc 00000004 | 10017fcc 00000000 |  4  00000008
  0003d | 0040004c | 11000004 1 0  8  0  0 | 00000008 00000001 | 10017fd0 00400068 | 29  10017fcc
  0003e | 0040004c | 11000004 0 1  8  0  0 | 00000000 00000000 | 00000000 00000000 |  0  10017fd0
  0003f | 0040005c | afb00000 0 0 29 16  0 | 00000000 00000004 | 00000000 00000000 |  8  00000000
  00040 | 00400060 | 00048020 0 0  0  4 16 | 10017fcc 00000000 | 00000000 00000000 |  0  00000000
  00041 | 00400064 | 0c10000f 0 0  0  0 31 | 00000000 00000008 | 10017fcc 00000009 |  0  00000000
  00042 | 0040003c | 2084ffff 0 0  4  0  4 | 00000000 0000000f | 00000008 00000008 |  0  10017fcc
  00043 | 00400040 | 23bdfff8 0 0 29  0 29 | 00000008 ffffffff | 00400068 00000000 | 16  00000008
  00044 | 00400044 | afbf0004 0 1 29 31  0 | 10017fcc fffffff8 | 00000007 00000000 | 31  00400068
  00045 | 00400048 | 28880001 0 0  4  0  8 | 10017fc4 00000004 | 10017fc4 00000000 |  4  00000007
  00046 | 0040004c | 11000004 1 0  8  0  0 | 00000007 00000001 | 10017fc8 00400068 | 29  10017fc4
  00047 | 0040004c | 11000004 0 1  8  0  0 | 00000000 00000000 | 00000000 00000000 |  0  10017fc8
  00048 | 0040005c | afb00000 0 0 29 16  0 | 00000000 00000004 | 00000000 00000000 |  8  00000000
  00049 | 00400060 | 00048020 0 0  0  4 16 | 10017fc4 00000000 | 00000000 00000000 |  0  00000000
  0004a | 00400064 | 0c10000f 0 0  0  0 31 | 00000000 00000007 | 10017fc4 00000008 |  0  00000000
  0004b | 0040003c | 2084ffff 0 0  4  0  4 | 00000000 0000000f | 00000007 00000007 |  0  10017fc4
  0004c | 00400040 | 23bdfff8 0 0 29  0 29 | 00000007 ffffffff | 00400068 00000000 | 16  00000007
  0004d | 00400044 | afbf0004 0 1 29 31  0 | 10017fc4 fffffff8 | 00000006 00000000 | 31  00400068
  0004e | 00400048 | 28880001 0 0  4  0  8 | 10017fbc 00000004 | 10017fbc 00000000 |  4  00000006
  0004f | 0040004c | 11000004 1 0  8  0  0 | 00000006 00000001 | 10017fc0 00400068 | 29  10017fbc
  00050 | 0040004c | 11000004 0 1  8  0  0 | 00000000 00000000 | 00000000 00000000 |  0  10017fc0
  00051 | 0040005c | afb00000 0 0 29 16  0 | 00000000 00000004 | 00000000 00000000 |  8  00000000
  00052 | 00400060 | 00048020 0 0  0  4 16 | 10017fbc 00000000 | 00000000 00000000 |  0  00000000
  00053 | 00400064 | 0c10000f 0 0  0  0 31 | 00000000 00000006 | 10017fbc 00000007 |  0  00000000
  00054 | 0040003c | 2084ffff 0 0  4  0  4 | 00000000 0000000f | 00000006 00000006 |  0  10017fbc
  00055 | 00400040 | 23bdfff8 0 0 29  0 29 | 00000006 ffffffff | 00400068 00000000 | 16  00000006
  00056 | 00400044 | afbf0004 0 1 29 31  0 | 10017fbc fffffff8 | 00000005 00000000 | 31  00400068
  00057 | 00400048 | 28880001 0 0  4  0  8 | 10017fb4 00000004 | 10017fb4 00000000 |  4  00000005
  00058 | 0040004c | 11000004 1 0  8  0  0 | 00000005 00000001 | 10017fb8 00400068 | 29  10017fb4
  00059 | 0040004c | 11000004 0 1  8  0  0 | 00000000 00000000 | 00000000 00000000 |  0  10017fb8
  0005a | 0040005c | afb00000 0 0 29 16  0 | 00000000 00000004 | 00000000 00000000 |  8  00000000
  0005b | 00400060 | 00048020 0 0  0  4 16 | 10017fb4 00000000 | 00000000 00000000 |  0  00000000
  0005c | 00400064 | 0c10000f 0 0  0  0 31 | 00000000 00000005 | 10017fb4 00000006 |  0  00000000
  0005d | 0040003c | 2084ffff 0 0  4  0  4 | 00000000 0000000f | 00000005 00000005 |  0  10017fb4
  0005e | 00400040 | 23bdfff8 0 0 29  0 29 | 00000005 ffffffff | 00400068 00000000 | 16  00000005
  0005f | 00400044 | afbf0004 0 1 29 31  0 | 10017fb4 fffffff8 | 00000004 00000000 | 31  00400068
  00060 | 00400048 | 28880001 0 0  4  0  8 | 10017fac 00000004 | 10017fac 00000000 |  4  00000004
  00061 | 0040004c | 11000004 1 0  8  0  0 | 00000004 00000001 | 10017fb0 00400068 | 29  10017fac
  00062 | 0040004c | 11000004 0 1  8  0  0 | 00000000 00000000 | 00000000 00000000 |  0  10017fb0
  00063 | 0040005c | afb00000 0 0 29 16  0 | 00000000 00000004 | 00000000 00000000 |  8  00000000
  00064 | 00400060 | 00048020 0 0  0  4 16 | 10017fac 00000000 | 00000000 00000000 |  0  00000000
  00065 | 00400064 | 0c10000f 0 0  0  0 31 | 00000000 00000004 | 10017fac 00000005 |  0  00000000
  00066 | 0040003c | 2084ffff 0 0  4  0  4 | 00000000 0000000f | 00000004 00000004 |  0  10017fac
  00067 | 00400040 | 23bdfff8 0 0 29  0 29 | 00000004 ffffffff | 00400068 00000000 | 16  00000004
  00068 | 00400044 | afbf0004 0 1 29 31  0 | 10017fac fffffff8 | 00000003 00000000 | 31  00400068
  00069 | 00400048 | 28880001 0 0  4  0  8 | 10017fa4 00000004 | 10017fa4 00000000 |  4  00000003
  0006a | 0040004c | 11000004 1 0  8  0  0 | 00000003 00000001 | 10017fa8 00400068 | 29  10017fa4
  0006b | 0040004c | 11000004 0 1  8  0  0 | 00000000 00000000 | 00000000 00000000 |  0  10017fa8
  0006c | 0040005c | afb00000 0 0 29 16  0 | 00000000 00000004 | 00000000 00000000 |  8  00000000
  0006d | 00400060 | 00048020 0 0  0  4 16 | 10017fa4 00000000 | 00000000 00000000 |  0  00000000
  0006e | 00400064 | 0c10000f 0 0  0  0 31 | 00000000 00000003 | 10017fa4 00000004 |  0  00000000
  0006f | 0040003c | 2084ffff 0 0  4  0  4 | 00000000 0000000f | 00000003 00000003 |  0  10017fa4
  00070 | 00400040 | 23bdfff8 0 0 29  0 29 | 00000003 ffffffff | 00400068 00000000 | 16  00000003
  00071 | 00400044 | afbf0004 0 1 29 31  0 | 10017fa4 fffffff8 | 00000002 00000000 | 31  00400068
  00072 | 00400048 | 28880001 0 0  4  0  8 | 10017f9c 00000004 | 10017f9c 00000000 |  4  00000002
  00073 | 0040004c | 11000004 1 0  8  0  0 | 00000002 00000001 | 10017fa0 00400068 | 29  10017f9c
  00074 | 0040004c | 11000004 0 1  8  0  0 | 00000000 00000000 | 00000000 00000000 |  0  10017fa0
  00075 | 0040005c | afb00000 0 0 29 16  0 | 00000000 00000004 | 00000000 00000000 |  8  00000000
  00076 | 00400060 | 00048020 0 0  0  4 16 | 10017f9c 00000000 | 00000000 00000000 |  0  00000000
  00077 | 00400064 | 0c10000f 0 0  0  0 31 | 00000000 00000002 | 10017f9c 00000003 |  0  00000000
  00078 | 0040003c | 2084ffff 0 0  4  0  4 | 00000000 0000000f | 00000002 00000002 |  0  10017f9c
  00079 | 00400040 | 23bdfff8 0 0 29  0 29 | 00000002 ffffffff | 00400068 00000000 | 16  00000002
  0007a | 00400044 | afbf0004 0 1 29 31  0 | 10017f9c fffffff8 | 00000001 00000000 | 31  00400068
  0007b | 00400048 | 28880001 0 0  4  0  8 | 10017f94 00000004 | 10017f94 00000000 |  4  00000001
  0007c | 0040004c | 11000004 1 0  8  0  0 | 00000001 00000001 | 10017f98 00400068 | 29  10017f94
  0007d | 0040004c | 11000004 0 1  8  0  0 | 00000000 00000000 | 00000000 00000000 |  0  10017f98
  0007e | 0040005c | afb00000 0 0 29 16  0 | 00000000 00000004 | 00000000 00000000 |  8  00000000
  0007f | 00400060 | 00048020 0 0  0  4 16 | 10017f94 00000000 | 00000000 00000000 |  0  00000000
  00080 | 00400064 | 0c10000f 0 0  0  0 31 | 00000000 00000001 | 10017f94 00000002 |  0  00000000
  00081 | 0040003c | 2084ffff 0 0  4  0  4 | 00000000 0000000f | 00000001 00000001 |  0  10017f94
  00082 | 00400040 | 23bdfff8 0 0 29  0 29 | 00000001 ffffffff | 00400068 00000000 | 16  00000001
  00083 | 00400044 | afbf0004 0 1 29 31  0 | 10017f94 fffffff8 | 00000000 00000000 | 31  00400068
  00084 | 00400048 | 28880001 0 0  4  0  8 | 10017f8c 00000004 | 10017f8c 00000000 |  4  00000000
  00085 | 0040004c | 11000004 1 0  8  0  0 | 00000000 00000001 | 10017f90 00400068 | 29  10017f8c
  00086 | 0040004c | 11000004 0 1  8  0  0 | 00000000 00000000 | 00000001 00000000 |  0  10017f90
  00087 | 00400050 | afb00000 0 0 29 16  0 | 00000001 00000004 | 00000000 00000000 |  8  00000001
  00088 | 00400054 | 20090001 0 0  0  0  9 | 10017f8c 00000000 | 00000000 00000000 |  0  00000000
  00089 | 00400058 | 03e00008 0 0 31  0  0 | 00000000 00000001 | 10017f8c 00000001 |  0  00000000
  0008a | 00400068 | 23bd0008 0 0 29  0 29 | 00400068 00000000 | 00000001 00000000 |  0  10017f8c
  0008b | 0040006c | 72094802 0 0 16  9  9 | 10017f8c 00000008 | 00000000 00000000 |  9  00000001
  0008c | 00400070 | 8fbf0004 0 1 29  0 31 | 00000001 00000001 | 10017f94 00000000 |  0  00000000
  0008d | 00400074 | 8fb00000 0 0 29  0 16 | 10017f94 00000004 | 00000001 00000001 | 29  10017f94
  0008e | 00400078 | 03e00008 1 0 31  0  0 | 10017f94 00000000 | 10017f98 00000000 |  9  00000001
  0008f | 00400078 | 03e00008 0 0 31  0  0 | 00000000 00000000 | 10017f94 00000000 | 31  00400068
  00090 | 00400068 | 23bd0008 0 0 29  0 29 | 00400068 00000000 | 00000000 00000000 | 16  00000002
  00091 | 0040006c | 72094802 0 0 16  9  9 | 10017f94 00000008 | 00000000 00000000 |  0  00000000
  00092 | 00400070 | 8fbf0004 0 1 29  0 31 | 00000002 00000001 | 10017f9c 00000000 |  0  00000000
  00093 | 00400074 | 8fb00000 0 0 29  0 16 | 10017f9c 00000004 | 00000002 00000001 | 29  10017f9c
  00094 | 00400078 | 03e00008 1 0 31  0  0 | 10017f9c 00000000 | 10017fa0 00000000 |  9  00000002
  00095 | 00400078 | 03e00008 0 0 31  0  0 | 00000000 00000000 | 10017f9c 00000000 | 31  00400068
  00096 | 00400068 | 23bd0008 0 0 29  0 29 | 00400068 00000000 | 00000000 00000000 | 16  00000003
  00097 | 0040006c | 72094802 0 0 16  9  9 | 10017f9c 00000008 | 00000000 00000000 |  0  00000000
  00098 | 00400070 | 8fbf0004 0 1 29  0 31 | 00000003 00000002 | 10017fa4 00000000 |  0  00000000
  00099 | 00400074 | 8fb00000 0 0 29  0 16 | 10017fa4 00000004 | 00000006 00000002 | 29  10017fa4
  0009a | 00400078 | 03e00008 1 0 31  0  0 | 10017fa4 00000000 | 10017fa8 00000000 |  9  00000006
  0009b | 00400078 | 03e00008 0 0 31  0  0 | 00000000 00000000 | 10017fa4 00000000 | 31  00400068
  0009c | 00400068 | 23bd0008 0 0 29  0 29 | 00400068 00000000 | 00000000 00000000 | 16  00000004
  0009d | 0040006c | 72094802 0 0 16  9  9 | 10017fa4 00000008 | 00000000 00000000 |  0  00000000
  0009e | 00400070 | 8fbf0004 0 1 29  0 31 | 00000004 00000006 | 10017fac 00000000 |  0  00000000
  0009f | 00400074 | 8fb00000 0 0 29  0 16 | 10017fac 00000004 | 00000018 00000006 | 29  10017fac
  000a0 | 00400078 | 03e00008 1 0 31  0  0 | 10017fac 00000000 | 10017fb0 00000000 |  9  00000018
  000a1 | 00400078 | 03e00008 0 0 31  0  0 | 00000000 00000000 | 10017fac 00000000 | 31  00400068
  000a2 | 00400068 | 23bd0008 0 0 29  0 29 | 00400068 00000000 | 00000000 00000000 | 16  00000005
  000a3 | 0040006c | 72094802 0 0 16  9  9 | 10017fac 00000008 | 00000000 00000000 |  0  00000000
  000a4 | 00400070 | 8fbf0004 0 1 29  0 31 | 00000005 00000018 | 10017fb4 00000000 |  0  00000000
  000a5 | 00400074 | 8fb00000 0 0 29  0 16 | 10017fb4 00000004 | 00000078 00000018 | 29  10017fb4
  000a6 | 00400078 | 03e00008 1 0 31  0  0 | 10017fb4 00000000 | 10017fb8 00000000 |  9  00000078
  000a7 | 00400078 | 03e00008 0 0 31  0  0 | 00000000 00000000 | 10017fb4 00000000 | 31  00400068
  000a8 | 00400068 | 23bd0008 0 0 29  0 29 | 00400068 00000000 | 00000000 00000000 | 16  00000006
  000a9 | 0040006c | 72094802 0 0 16  9  9 | 10017fb4 00000008 | 00000000 00000000 |  0  00000000
  000aa | 00400070 | 8fbf0004 0 1 29  0 31 | 00000006 00000078 | 10017fbc 00000000 |  0  00000000
  000ab | 00400074 | 8fb00000 0 0 29  0 16 | 10017fbc 00000004 | 000002d0 00000078 | 29  10017fbc
  000ac | 00400078 | 03e00008 1 0 31  0  0 | 10017fbc 00000000 | 10017fc0 00000000 |  9  000002d0
  000ad | 00400078 | 03e00008 0 0 31  0  0 | 00000000 00000000 | 10017fbc 00000000 | 31  00400068
  000ae | 00400068 | 23bd0008 0 0 29  0 29 | 00400068 00000000 | 00000000 00000000 | 16  00000007
  000af | 0040006c | 72094802 0 0 16  9  9 | 10017fbc 00000008 | 00000000 00000000 |  0  00000000
  000b0 | 00400070 | 8fbf0004 0 1 29  0 31 | 00000007 000002d0 | 10017fc4 00000000 |  0  00000000
  000b1 | 00400074 | 8fb00000 0 0 29  0 16 | 10017fc4 00000004 | 000013b0 000002d0 | 29  10017fc4
  000b2 | 00400078 | 03e00008 1 0 31  0  0 | 10017fc4 00000000 | 10017fc8 00000000 |  9  000013b0
  000b3 | 00400078 | 03e00008 0 0 31  0  0 | 00000000 00000000 | 10017fc4 00000000 | 31  00400068
  000b4 | 00400068 | 23bd0008 0 0 29  0 29 | 00400068 00000000 | 00000000 00000000 | 16  00000008
  000b5 | 0040006c | 72094802 0 0 16  9  9 | 10017fc4 00000008 | 00000000 00000000 |  0  00000000
  000b6 | 00400070 | 8fbf0004 0 1 29  0 31 | 00000008 000013b0 | 10017fcc 00000000 |  0  00000000
  000b7 | 00400074 | 8fb00000 0 0 29  0 16 | 10017fcc 00000004 | 00009d80 000013b0 | 29  10017fcc
  000b8 | 00400078 | 03e00008 1 0 31  0  0 | 10017fcc 00000000 | 10017fd0 00000000 |  9  00009d80
  000b9 | 00400078 | 03e00008 0 0 31  0  0 | 00000000 00000000 | 10017fcc 00000000 | 31  00400068
  000ba | 00400068 | 23bd0008 0 0 29  0 29 | 00400068 00000000 | 00000000 00000000 | 16  00000009
  000bb | 0040006c | 72094802 0 0 16  9  9 | 10017fcc 00000008 | 00000000 00000000 |  0  00000000
  000bc | 00400070 | 8fbf0004 0 1 29  0 31 | 00000009 00009d80 | 10017fd4 00000000 |  0  00000000
  000bd | 00400074 | 8fb00000 0 0 29  0 16 | 10017fd4 00000004 | 00058980 00009d80 | 29  10017fd4
  000be | 00400078 | 03e00008 1 0 31  0  0 | 10017fd4 00000000 | 10017fd8 00000000 |  9  00058980
  000bf | 00400078 | 03e00008 0 0 31  0  0 | 00000000 00000000 | 10017fd4 00000000 | 31  00400068
  000c0 | 00400068 | 23bd0008 0 0 29  0 29 | 00400068 00000000 | 00000000 00000000 | 16  0000000a
  000c1 | 0040006c | 72094802 0 0 16  9  9 | 10017fd4 00000008 | 00000000 00000000 |  0  00000000
  000c2 | 00400070 | 8fbf0004 0 1 29  0 31 | 0000000a 00058980 | 10017fdc 00000000 |  0  00000000
  000c3 | 00400074 | 8fb00000 0 0 29  0 16 | 10017fdc 00000004 | 00375f00 00058980 | 29  10017fdc
  000c4 | 00400078 | 03e00008 1 0 31  0  0 | 10017fdc 00000000 | 10017fe0 00000000 |  9  00375f00
  000c5 | 00400078 | 03e00008 0 0 31  0  0 | 00000000 00000000 | 10017fdc 00000000 | 31  00400068
  000c6 | 00400068 | 23bd0008 0 0 29  0 29 | 00400068 00000000 | 00000000 00000000 | 16  0000000b
  000c7 | 0040006c | 72094802 0 0 16  9  9 | 10017fdc 00000008 | 00000000 00000000 |  0  00000000
  000c8 | 00400070 | 8fbf0004 0 1 29  0 31 | 0000000b 00375f00 | 10017fe4 00000000 |  0  00000000
  000c9 | 00400074 | 8fb00000 0 0 29  0 16 | 10017fe4 00000004 | 02611500 00375f00 | 29  10017fe4
  000ca | 00400078 | 03e00008 1 0 31  0  0 | 10017fe4 00000000 | 10017fe8 00000000 |  9  02611500
  000cb | 00400078 | 03e00008 0 0 31  0  0 | 00000000 00000000 | 10017fe4 00000000 | 31  00400068
  000cc | 00400068 | 23bd0008 0 0 29  0 29 | 00400068 00000000 | 00000000 00000000 | 16  0000000c
  000cd | 0040006c | 72094802 0 0 16  9  9 | 10017fe4 00000008 | 00000000 00000000 |  0  00000000
  000ce | 00400070 | 8fbf0004 0 1 29  0 31 | 0000000c 02611500 | 10017fec 00000000 |  0  00000000
  000cf | 00400074 | 8fb00000 0 0 29  0 16 | 10017fec 00000004 | 1c8cfc00 02611500 | 29  10017fec
  000d0 | 00400078 | 03e00008 1 0 31  0  0 | 10017fec 00000000 | 10017ff0 00000000 |  9  1c8cfc00
  000d1 | 00400078 | 03e00008 0 0 31  0  0 | 00000000 00000000 | 10017fec 00000000 | 31  00400068
  000d2 | 00400068 | 23bd0008 0 0 29  0 29 | 00400068 00000000 | 00000000 00000000 | 16  0000000d
  000d3 | 0040006c | 72094802 0 0 16  9  9 | 10017fec 00000008 | 00000000 00000000 |  0  00000000
  000d4 | 00400070 | 8fbf0004 0 1 29  0 31 | 0000000d 1c8cfc00 | 10017ff4 00000000 |  0  00000000
  000d5 | 00400074 | 8fb00000 0 0 29  0 16 | 10017ff4 00000004 | 7328cc00 1c8cfc00 | 29  10017ff4
  000d6 | 00400078 | 03e00008 1 0 31  0  0 | 10017ff4 00000000 | 10017ff8 00000000 |  9  7328cc00
  000d7 | 00400078 | 03e00008 0 0 31  0  0 | 00000000 00000000 | 10017ff4 00000000 | 31  00400030
  000d8 | 00400030 | 23bd0008 0 0 29  0 29 | 00400030 00000000 | 00000000 00000000 | 16  10010000
  000d9 | 00400034 | ae290004 0 0 17  9  0 | 10017ff4 00000008 | 00000000 00000000 |  0  00000000
  000da | 00400038 | 2402000a 0 0  0  0  2 | 10010000 00000004 | 10017ffc 00000000 |  0  00000000
  000db | 0040003c | 0000000c 0 0  0  0  0 | 00000000 0000000a | 10010004 7328cc00 | 29  10017ffc
  000dc | 00400040 | 23bdfff8 0 0 29  0 29 | 00000000 00000000 | 0000000a 00000000 |  0  10010004
  000dd | 00400044 | afbf0004 0 1 29 31  0 | 10017ffc fffffff8 | 00000000 00000000 |  2  0000000a
  000de | 00400048 | 28880001 0 0  4  0  8 | 10017ff4 00000004 | 10017ff4 00000000 |  0  00000000
  ram[ 0]=0000000d
  ram[ 1]=7328cc00
  ram[ 2]=xxxxxxxx
  ram[ 3]=xxxxxxxx
  ram[ 4]=xxxxxxxx
  ram[ 5]=xxxxxxxx
  ram[ 6]=xxxxxxxx
  ram[ 7]=xxxxxxxx
  ram[ 8]=xxxxxxxx
  ram[ 9]=xxxxxxxx
  ram[10]=xxxxxxxx
  ram[11]=xxxxxxxx
  ram[12]=xxxxxxxx
  ram[13]=xxxxxxxx
  ram[14]=xxxxxxxx
  ram[15]=xxxxxxxx
  ram[16]=xxxxxxxx
  ram[17]=xxxxxxxx
  ram[18]=xxxxxxxx
  ram[19]=xxxxxxxx
  ram[20]=xxxxxxxx
  ram[21]=xxxxxxxx
  ram[22]=xxxxxxxx
  ram[23]=xxxxxxxx
  ram[24]=xxxxxxxx
  ram[25]=xxxxxxxx
  ram[26]=xxxxxxxx
  ram[27]=xxxxxxxx
  ram[28]=xxxxxxxx
  ram[29]=xxxxxxxx
  ram[30]=xxxxxxxx
  ram[31]=xxxxxxxx
  ram[32]=xxxxxxxx
  ram[33]=xxxxxxxx
  ram[34]=xxxxxxxx
  ram[35]=xxxxxxxx
  ram[36]=xxxxxxxx
  ram[37]=xxxxxxxx
  ram[38]=xxxxxxxx
  ram[39]=xxxxxxxx
  ram[40]=xxxxxxxx
  ram[41]=xxxxxxxx
  ram[42]=xxxxxxxx
  ram[43]=xxxxxxxx
  ram[44]=xxxxxxxx
  ram[45]=xxxxxxxx
  ram[46]=xxxxxxxx
  ram[47]=xxxxxxxx
  ram[48]=xxxxxxxx
  ram[49]=xxxxxxxx
  ram[50]=xxxxxxxx
  ram[51]=xxxxxxxx
  ram[52]=xxxxxxxx
  ram[53]=xxxxxxxx
  ram[54]=xxxxxxxx
  ram[55]=xxxxxxxx
  ram[56]=xxxxxxxx
  ram[57]=xxxxxxxx
  ram[58]=xxxxxxxx
  ram[59]=xxxxxxxx
  ram[60]=xxxxxxxx
  ram[61]=xxxxxxxx
  ram[62]=xxxxxxxx
  ram[63]=xxxxxxxx
  ram[64]=xxxxxxxx
  ram[65]=xxxxxxxx
  ram[66]=xxxxxxxx
  ram[67]=xxxxxxxx
  ram[68]=xxxxxxxx
  ram[69]=xxxxxxxx
  ram[70]=xxxxxxxx
  ram[71]=xxxxxxxx
  ram[72]=xxxxxxxx
  ram[73]=xxxxxxxx
  ram[74]=xxxxxxxx
  ram[75]=xxxxxxxx
  ram[76]=xxxxxxxx
  ram[77]=xxxxxxxx
  ram[78]=xxxxxxxx
  ram[79]=xxxxxxxx
  ram[80]=xxxxxxxx
  ram[81]=xxxxxxxx
  ram[82]=xxxxxxxx
  ram[83]=xxxxxxxx
  ram[84]=xxxxxxxx
  ram[85]=xxxxxxxx
  ram[86]=xxxxxxxx
  ram[87]=xxxxxxxx
  ram[88]=xxxxxxxx
  ram[89]=xxxxxxxx
  ram[90]=xxxxxxxx
  ram[91]=xxxxxxxx
  ram[92]=xxxxxxxx
  ram[93]=xxxxxxxx
  ram[94]=xxxxxxxx
  ram[95]=xxxxxxxx
  ram[96]=xxxxxxxx
  ram[97]=xxxxxxxx
  ram[98]=xxxxxxxx
  ram[99]=xxxxxxxx
  cycle =     222
