VCD info: dumpfile mips.vcd opened for output.
  cycle |  pc      |  inst    d f ra rb rd |  alu_a    alu_b   |  alu_q    ram_din | dst  reg_din
  xxxxx | xxxxxxxx | xxxxxxxx x x  x  x  x | xxxxxxxx xxxxxxxx | 00000000 xxxxxxxx |  x  xxxxxxxx
  xxxxx | 00400000 | 00000000 0 0  0  0  0 | xxxxxxxx xxxxxxxx | 00000000 xxxxxxxx |  x  xxxxxxxx
  00000 | 00400000 | 00000000 0 0  0  0  0 | 00000000 00000000 | 00000000 xxxxxxxx |  0  xxxxxxxx
  00000 | 00400000 | 00000000 0 0  0  0  0 | 00000000 00000000 | 00000000 00000000 |  0  xxxxxxxx
  00001 | 00400004 | 3c011001 0 0  0  0  1 | 00000000 00000000 | 00000000 00000000 |  0  00000000
  00002 | 00400008 | 343d7ffc 0 1  1  0 29 | 00000000 00001001 | 00000000 00000000 |  0  00000000
  00003 | 0040000c | 3c011001 0 0  0  0  1 | 10010000 00007ffc | 10010000 00000000 |  0  00000000
  00004 | 00400010 | 34300000 0 1  1  0 16 | 00000000 00001001 | 10017ffc 00000000 |  1  10010000
  00005 | 00400014 | 24040006 0 0  0  0  4 | 10010000 00000000 | 10010000 00000000 | 29  10017ffc
  00006 | 00400018 | ae040000 0 1 16  4  0 | 00000000 00000006 | 10010000 00000000 |  1  10010000
  00007 | 0040001c | 24020001 0 0  0  0  2 | 10010000 00000000 | 00000006 00000000 | 16  10010000
  00008 | 00400020 | 0000000c 0 0  0  0  0 | 00000000 00000001 | 10010000 00000006 |  4  00000006
  00009 | 00400024 | 00108820 0 0  0 16 17 | 00000000 00000000 | 00000001 00000000 |  0  10010000
  0000a | 00400028 | 0c10000e 0 0  0  0 31 | 00000000 10010000 | 00000000 00000000 |  2  00000001
  0000b | 00400038 | afbf0000 0 1 29 31  0 | 00000000 0000000e | 10010000 10010000 |  0  00000000
  0000c | 0040003c | 23bdfff8 0 0 29  0 29 | 10017ffc 00000000 | 0040002c 00000000 | 17  10010000
  0000d | 00400040 | afbf0004 0 1 29 31  0 | 10017ffc fffffff8 | 10017ffc 0040002c | 31  0040002c
  0000e | 00400044 | 28880001 0 0  4  0  8 | 10017ff4 00000004 | 10017ff4 00000000 |  0  10017ffc
  0000f | 00400048 | 11000004 1 0  8  0  0 | 00000006 00000001 | 10017ff8 0040002c | 29  10017ff4
  00010 | 00400048 | 11000004 0 1  8  0  0 | 00000000 00000000 | 00000000 00000000 |  0  10017ff8
  00011 | 00400058 | afb00000 0 0 29 16  0 | 00000000 00000004 | 00000000 00000000 |  8  00000000
  00012 | 0040005c | 00048020 0 0  0  4 16 | 10017ff4 00000000 | 00000000 00000000 |  0  00000000
  00013 | 00400060 | 0c10000e 0 0  0  0 31 | 00000000 00000006 | 10017ff4 10010000 |  0  00000000
  00014 | 00400038 | 2084ffff 0 0  4  0  4 | 00000000 0000000e | 00000006 00000006 |  0  10017ff4
  00015 | 0040003c | 23bdfff8 0 0 29  0 29 | 00000006 ffffffff | 00400064 00000000 | 16  00000006
  00016 | 00400040 | afbf0004 0 1 29 31  0 | 10017ff4 fffffff8 | 00000005 00000000 | 31  00400064
  00017 | 00400044 | 28880001 0 0  4  0  8 | 10017fec 00000004 | 10017fec 00000000 |  4  00000005
  00018 | 00400048 | 11000004 1 0  8  0  0 | 00000005 00000001 | 10017ff0 00400064 | 29  10017fec
  00019 | 00400048 | 11000004 0 1  8  0  0 | 00000000 00000000 | 00000000 00000000 |  0  10017ff0
  0001a | 00400058 | afb00000 0 0 29 16  0 | 00000000 00000004 | 00000000 00000000 |  8  00000000
  0001b | 0040005c | 00048020 0 0  0  4 16 | 10017fec 00000000 | 00000000 00000000 |  0  00000000
  0001c | 00400060 | 0c10000e 0 0  0  0 31 | 00000000 00000005 | 10017fec 00000006 |  0  00000000
  0001d | 00400038 | 2084ffff 0 0  4  0  4 | 00000000 0000000e | 00000005 00000005 |  0  10017fec
  0001e | 0040003c | 23bdfff8 0 0 29  0 29 | 00000005 ffffffff | 00400064 00000000 | 16  00000005
  0001f | 00400040 | afbf0004 0 1 29 31  0 | 10017fec fffffff8 | 00000004 00000000 | 31  00400064
  00020 | 00400044 | 28880001 0 0  4  0  8 | 10017fe4 00000004 | 10017fe4 00000000 |  4  00000004
  00021 | 00400048 | 11000004 1 0  8  0  0 | 00000004 00000001 | 10017fe8 00400064 | 29  10017fe4
  00022 | 00400048 | 11000004 0 1  8  0  0 | 00000000 00000000 | 00000000 00000000 |  0  10017fe8
  00023 | 00400058 | afb00000 0 0 29 16  0 | 00000000 00000004 | 00000000 00000000 |  8  00000000
  00024 | 0040005c | 00048020 0 0  0  4 16 | 10017fe4 00000000 | 00000000 00000000 |  0  00000000
  00025 | 00400060 | 0c10000e 0 0  0  0 31 | 00000000 00000004 | 10017fe4 00000005 |  0  00000000
  00026 | 00400038 | 2084ffff 0 0  4  0  4 | 00000000 0000000e | 00000004 00000004 |  0  10017fe4
  00027 | 0040003c | 23bdfff8 0 0 29  0 29 | 00000004 ffffffff | 00400064 00000000 | 16  00000004
  00028 | 00400040 | afbf0004 0 1 29 31  0 | 10017fe4 fffffff8 | 00000003 00000000 | 31  00400064
  00029 | 00400044 | 28880001 0 0  4  0  8 | 10017fdc 00000004 | 10017fdc 00000000 |  4  00000003
  0002a | 00400048 | 11000004 1 0  8  0  0 | 00000003 00000001 | 10017fe0 00400064 | 29  10017fdc
  0002b | 00400048 | 11000004 0 1  8  0  0 | 00000000 00000000 | 00000000 00000000 |  0  10017fe0
  0002c | 00400058 | afb00000 0 0 29 16  0 | 00000000 00000004 | 00000000 00000000 |  8  00000000
  0002d | 0040005c | 00048020 0 0  0  4 16 | 10017fdc 00000000 | 00000000 00000000 |  0  00000000
  0002e | 00400060 | 0c10000e 0 0  0  0 31 | 00000000 00000003 | 10017fdc 00000004 |  0  00000000
  0002f | 00400038 | 2084ffff 0 0  4  0  4 | 00000000 0000000e | 00000003 00000003 |  0  10017fdc
  00030 | 0040003c | 23bdfff8 0 0 29  0 29 | 00000003 ffffffff | 00400064 00000000 | 16  00000003
  00031 | 00400040 | afbf0004 0 1 29 31  0 | 10017fdc fffffff8 | 00000002 00000000 | 31  00400064
  00032 | 00400044 | 28880001 0 0  4  0  8 | 10017fd4 00000004 | 10017fd4 00000000 |  4  00000002
  00033 | 00400048 | 11000004 1 0  8  0  0 | 00000002 00000001 | 10017fd8 00400064 | 29  10017fd4
  00034 | 00400048 | 11000004 0 1  8  0  0 | 00000000 00000000 | 00000000 00000000 |  0  10017fd8
  00035 | 00400058 | afb00000 0 0 29 16  0 | 00000000 00000004 | 00000000 00000000 |  8  00000000
  00036 | 0040005c | 00048020 0 0  0  4 16 | 10017fd4 00000000 | 00000000 00000000 |  0  00000000
  00037 | 00400060 | 0c10000e 0 0  0  0 31 | 00000000 00000002 | 10017fd4 00000003 |  0  00000000
  00038 | 00400038 | 2084ffff 0 0  4  0  4 | 00000000 0000000e | 00000002 00000002 |  0  10017fd4
  00039 | 0040003c | 23bdfff8 0 0 29  0 29 | 00000002 ffffffff | 00400064 00000000 | 16  00000002
  0003a | 00400040 | afbf0004 0 1 29 31  0 | 10017fd4 fffffff8 | 00000001 00000000 | 31  00400064
  0003b | 00400044 | 28880001 0 0  4  0  8 | 10017fcc 00000004 | 10017fcc 00000000 |  4  00000001
  0003c | 00400048 | 11000004 1 0  8  0  0 | 00000001 00000001 | 10017fd0 00400064 | 29  10017fcc
  0003d | 00400048 | 11000004 0 1  8  0  0 | 00000000 00000000 | 00000000 00000000 |  0  10017fd0
  0003e | 00400058 | afb00000 0 0 29 16  0 | 00000000 00000004 | 00000000 00000000 |  8  00000000
  0003f | 0040005c | 00048020 0 0  0  4 16 | 10017fcc 00000000 | 00000000 00000000 |  0  00000000
  00040 | 00400060 | 0c10000e 0 0  0  0 31 | 00000000 00000001 | 10017fcc 00000002 |  0  00000000
  00041 | 00400038 | 2084ffff 0 0  4  0  4 | 00000000 0000000e | 00000001 00000001 |  0  10017fcc
  00042 | 0040003c | 23bdfff8 0 0 29  0 29 | 00000001 ffffffff | 00400064 00000000 | 16  00000001
  00043 | 00400040 | afbf0004 0 1 29 31  0 | 10017fcc fffffff8 | 00000000 00000000 | 31  00400064
  00044 | 00400044 | 28880001 0 0  4  0  8 | 10017fc4 00000004 | 10017fc4 00000000 |  4  00000000
  00045 | 00400048 | 11000004 1 0  8  0  0 | 00000000 00000001 | 10017fc8 00400064 | 29  10017fc4
  00046 | 00400048 | 11000004 0 1  8  0  0 | 00000000 00000000 | 00000001 00000000 |  0  10017fc8
  00047 | 0040004c | afb00000 0 0 29 16  0 | 00000001 00000004 | 00000000 00000000 |  8  00000001
  00048 | 00400050 | 20090001 0 0  0  0  9 | 10017fc4 00000000 | 00000000 00000000 |  0  00000000
  00049 | 00400054 | 03e00008 0 0 31  0  0 | 00000000 00000001 | 10017fc4 00000001 |  0  00000000
  0004a | 00400064 | 23bd0008 0 0 29  0 29 | 00400064 00000000 | 00000001 00000000 |  0  10017fc4
  0004b | 00400068 | 0810001f 0 0  0  0  0 | 10017fc4 00000008 | 00000000 00000000 |  9  00000001
  0004c | 0040007c | 00000000 0 0  0  0  0 | 00000000 0000001f | 10017fcc 00000000 |  0  00000000
  0004d | 00400080 | 220b0000 0 0 16  0 11 | 00000000 00000000 | 00000000 00000000 | 29  10017fcc
  0004e | 00400084 | 212c0000 0 0  9  0 12 | 00000001 00000000 | 00000000 00000000 |  0  00000000
  0004f | 00400088 | 20090000 0 0  0  0  9 | 00000001 00000000 | 00000001 00000000 |  0  00000000
  00050 | 0040008c | 1180fff8 0 1 12  0  0 | 00000000 00000000 | 00000001 00000000 | 11  00000001
  00051 | 00400090 | 00000000 0 0  0  0  0 | 00000001 fffffff8 | 00000000 00000000 | 12  00000001
  00052 | 00400094 | 318d0001 0 0 12  0 13 | 00000000 00000000 | 00000000 00000000 |  9  00000000
  00053 | 00400098 | 200e0001 0 0  0  0 14 | 00000001 00000001 | 00000000 00000000 |  0  00000000
  00054 | 0040009c | 15ae0002 1 0 13 14  0 | 00000000 00000001 | 00000001 00000000 |  0  00000000
  00055 | 0040009c | 15ae0002 0 1 13 14  0 | 00000000 00000000 | 00000001 00000000 | 13  00000001
  00056 | 004000a0 | 000c6042 0 0  0 12 12 | 00000001 00000002 | 00000000 00000000 | 14  00000001
  00057 | 004000a4 | 012b4820 0 0  9 11  9 | 00000000 00000001 | 00000000 00000001 |  0  00000000
  00058 | 004000a8 | 08100022 0 0  0  0  0 | 00000000 00000001 | 00000000 00000001 |  0  00000000
  00059 | 00400088 | 000b5840 0 0  0 11 11 | 00000000 00000022 | 00000001 00000001 | 12  00000000
  0005a | 0040008c | 1180fff8 0 0 12  0  0 | 00000000 00000001 | 00000000 00000000 |  9  00000001
  0005b | 0040006c | 00000000 0 0  0  0  0 | 00000000 fffffff8 | 00000002 00000001 |  0  00000000
  0005c | 00400070 | 8fbf0004 0 0 29  0 31 | 00000000 00000000 | 00000000 00000000 | 11  00000002
  0005d | 00400074 | 8fb00000 0 0 29  0 16 | 10017fcc 00000004 | 00000000 00000000 |  0  00000000
  0005e | 00400078 | 03e00008 1 0 31  0  0 | 10017fcc 00000000 | 10017fd0 00000000 |  0  00000000
  0005f | 00400078 | 03e00008 0 0 31  0  0 | 00000000 00000000 | 10017fcc 00000000 | 31  00400064
  00060 | 00400064 | 23bd0008 0 0 29  0 29 | 00400064 00000000 | 00000000 00000000 | 16  00000002
  00061 | 00400068 | 0810001f 0 0  0  0  0 | 10017fcc 00000008 | 00000000 00000000 |  0  00000000
  00062 | 0040007c | 00000000 0 0  0  0  0 | 00000000 0000001f | 10017fd4 00000000 |  0  00000000
  00063 | 00400080 | 220b0000 0 0 16  0 11 | 00000000 00000000 | 00000000 00000000 | 29  10017fd4
  00064 | 00400084 | 212c0000 0 0  9  0 12 | 00000002 00000000 | 00000000 00000000 |  0  00000000
  00065 | 00400088 | 20090000 0 0  0  0  9 | 00000001 00000000 | 00000002 00000000 |  0  00000000
  00066 | 0040008c | 1180fff8 0 1 12  0  0 | 00000000 00000000 | 00000001 00000000 | 11  00000002
  00067 | 00400090 | 00000000 0 0  0  0  0 | 00000001 fffffff8 | 00000000 00000000 | 12  00000001
  00068 | 00400094 | 318d0001 0 0 12  0 13 | 00000000 00000000 | 00000000 00000000 |  9  00000000
  00069 | 00400098 | 200e0001 0 0  0  0 14 | 00000001 00000001 | 00000000 00000000 |  0  00000000
  0006a | 0040009c | 15ae0002 1 0 13 14  0 | 00000000 00000001 | 00000001 00000000 |  0  00000000
  0006b | 0040009c | 15ae0002 0 1 13 14  0 | 00000000 00000000 | 00000001 00000000 | 13  00000001
  0006c | 004000a0 | 000c6042 0 0  0 12 12 | 00000001 00000002 | 00000000 00000000 | 14  00000001
  0006d | 004000a4 | 012b4820 0 0  9 11  9 | 00000000 00000001 | 00000000 00000001 |  0  00000000
  0006e | 004000a8 | 08100022 0 0  0  0  0 | 00000000 00000002 | 00000000 00000001 |  0  00000000
  0006f | 00400088 | 000b5840 0 0  0 11 11 | 00000000 00000022 | 00000002 00000002 | 12  00000000
  00070 | 0040008c | 1180fff8 0 0 12  0  0 | 00000000 00000002 | 00000000 00000000 |  9  00000002
  00071 | 0040006c | 00000000 0 0  0  0  0 | 00000000 fffffff8 | 00000004 00000002 |  0  00000000
  00072 | 00400070 | 8fbf0004 0 0 29  0 31 | 00000000 00000000 | 00000000 00000000 | 11  00000004
  00073 | 00400074 | 8fb00000 0 0 29  0 16 | 10017fd4 00000004 | 00000000 00000000 |  0  00000000
  00074 | 00400078 | 03e00008 1 0 31  0  0 | 10017fd4 00000000 | 10017fd8 00000000 |  0  00000000
  00075 | 00400078 | 03e00008 0 0 31  0  0 | 00000000 00000000 | 10017fd4 00000000 | 31  00400064
  00076 | 00400064 | 23bd0008 0 0 29  0 29 | 00400064 00000000 | 00000000 00000000 | 16  00000003
  00077 | 00400068 | 0810001f 0 0  0  0  0 | 10017fd4 00000008 | 00000000 00000000 |  0  00000000
  00078 | 0040007c | 00000000 0 0  0  0  0 | 00000000 0000001f | 10017fdc 00000000 |  0  00000000
  00079 | 00400080 | 220b0000 0 0 16  0 11 | 00000000 00000000 | 00000000 00000000 | 29  10017fdc
  0007a | 00400084 | 212c0000 0 0  9  0 12 | 00000003 00000000 | 00000000 00000000 |  0  00000000
  0007b | 00400088 | 20090000 0 0  0  0  9 | 00000002 00000000 | 00000003 00000000 |  0  00000000
  0007c | 0040008c | 1180fff8 0 1 12  0  0 | 00000000 00000000 | 00000002 00000000 | 11  00000003
  0007d | 00400090 | 00000000 0 0  0  0  0 | 00000002 fffffff8 | 00000000 00000000 | 12  00000002
  0007e | 00400094 | 318d0001 0 0 12  0 13 | 00000000 00000000 | 00000000 00000000 |  9  00000000
  0007f | 00400098 | 200e0001 0 0  0  0 14 | 00000002 00000001 | 00000000 00000000 |  0  00000000
  00080 | 0040009c | 15ae0002 1 0 13 14  0 | 00000000 00000001 | 00000000 00000000 |  0  00000000
  00081 | 0040009c | 15ae0002 0 1 13 14  0 | 00000000 00000000 | 00000001 00000000 | 13  00000000
  00082 | 004000a4 | 000c6042 0 0  0 12 12 | 00000000 00000002 | 00000000 00000000 | 14  00000001
  00083 | 004000a8 | 08100022 0 0  0  0  0 | 00000000 00000002 | 00000000 00000001 |  0  00000000
  00084 | 00400088 | 000b5840 0 0  0 11 11 | 00000000 00000022 | 00000001 00000002 |  0  00000000
  00085 | 0040008c | 1180fff8 0 0 12  0  0 | 00000000 00000003 | 00000000 00000000 | 12  00000001
  00086 | 00400090 | 00000000 0 0  0  0  0 | 00000001 fffffff8 | 00000006 00000003 |  0  00000000
  00087 | 00400094 | 318d0001 0 0 12  0 13 | 00000000 00000000 | 00000000 00000000 | 11  00000006
  00088 | 00400098 | 200e0001 0 0  0  0 14 | 00000001 00000001 | 00000000 00000000 |  0  00000000
  00089 | 0040009c | 15ae0002 1 0 13 14  0 | 00000000 00000001 | 00000001 00000000 |  0  00000000
  0008a | 0040009c | 15ae0002 0 1 13 14  0 | 00000000 00000000 | 00000001 00000000 | 13  00000001
  0008b | 004000a0 | 000c6042 0 0  0 12 12 | 00000001 00000002 | 00000000 00000000 | 14  00000001
  0008c | 004000a4 | 012b4820 0 0  9 11  9 | 00000000 00000001 | 00000000 00000001 |  0  00000000
  0008d | 004000a8 | 08100022 0 0  0  0  0 | 00000000 00000006 | 00000000 00000001 |  0  00000000
  0008e | 00400088 | 000b5840 0 0  0 11 11 | 00000000 00000022 | 00000006 00000006 | 12  00000000
  0008f | 0040008c | 1180fff8 0 0 12  0  0 | 00000000 00000006 | 00000000 00000000 |  9  00000006
  00090 | 0040006c | 00000000 0 0  0  0  0 | 00000000 fffffff8 | 0000000c 00000006 |  0  00000000
  00091 | 00400070 | 8fbf0004 0 0 29  0 31 | 00000000 00000000 | 00000000 00000000 | 11  0000000c
  00092 | 00400074 | 8fb00000 0 0 29  0 16 | 10017fdc 00000004 | 00000000 00000000 |  0  00000000
  00093 | 00400078 | 03e00008 1 0 31  0  0 | 10017fdc 00000000 | 10017fe0 00000000 |  0  00000000
  00094 | 00400078 | 03e00008 0 0 31  0  0 | 00000000 00000000 | 10017fdc 00000000 | 31  00400064
  00095 | 00400064 | 23bd0008 0 0 29  0 29 | 00400064 00000000 | 00000000 00000000 | 16  00000004
  00096 | 00400068 | 0810001f 0 0  0  0  0 | 10017fdc 00000008 | 00000000 00000000 |  0  00000000
  00097 | 0040007c | 00000000 0 0  0  0  0 | 00000000 0000001f | 10017fe4 00000000 |  0  00000000
  00098 | 00400080 | 220b0000 0 0 16  0 11 | 00000000 00000000 | 00000000 00000000 | 29  10017fe4
  00099 | 00400084 | 212c0000 0 0  9  0 12 | 00000004 00000000 | 00000000 00000000 |  0  00000000
  0009a | 00400088 | 20090000 0 0  0  0  9 | 00000006 00000000 | 00000004 00000000 |  0  00000000
  0009b | 0040008c | 1180fff8 0 1 12  0  0 | 00000000 00000000 | 00000006 00000000 | 11  00000004
  0009c | 00400090 | 00000000 0 0  0  0  0 | 00000006 fffffff8 | 00000000 00000000 | 12  00000006
  0009d | 00400094 | 318d0001 0 0 12  0 13 | 00000000 00000000 | 00000000 00000000 |  9  00000000
  0009e | 00400098 | 200e0001 0 0  0  0 14 | 00000006 00000001 | 00000000 00000000 |  0  00000000
  0009f | 0040009c | 15ae0002 1 0 13 14  0 | 00000000 00000001 | 00000000 00000000 |  0  00000000
  000a0 | 0040009c | 15ae0002 0 1 13 14  0 | 00000000 00000000 | 00000001 00000000 | 13  00000000
  000a1 | 004000a4 | 000c6042 0 0  0 12 12 | 00000000 00000002 | 00000000 00000000 | 14  00000001
  000a2 | 004000a8 | 08100022 0 0  0  0  0 | 00000000 00000006 | 00000000 00000001 |  0  00000000
  000a3 | 00400088 | 000b5840 0 0  0 11 11 | 00000000 00000022 | 00000003 00000006 |  0  00000000
  000a4 | 0040008c | 1180fff8 0 0 12  0  0 | 00000000 00000004 | 00000000 00000000 | 12  00000003
  000a5 | 00400090 | 00000000 0 0  0  0  0 | 00000003 fffffff8 | 00000008 00000004 |  0  00000000
  000a6 | 00400094 | 318d0001 0 0 12  0 13 | 00000000 00000000 | 00000000 00000000 | 11  00000008
  000a7 | 00400098 | 200e0001 0 0  0  0 14 | 00000003 00000001 | 00000000 00000000 |  0  00000000
  000a8 | 0040009c | 15ae0002 1 0 13 14  0 | 00000000 00000001 | 00000001 00000000 |  0  00000000
  000a9 | 0040009c | 15ae0002 0 1 13 14  0 | 00000000 00000000 | 00000001 00000000 | 13  00000001
  000aa | 004000a0 | 000c6042 0 0  0 12 12 | 00000001 00000002 | 00000000 00000000 | 14  00000001
  000ab | 004000a4 | 012b4820 0 0  9 11  9 | 00000000 00000003 | 00000000 00000001 |  0  00000000
  000ac | 004000a8 | 08100022 0 0  0  0  0 | 00000000 00000008 | 00000001 00000003 |  0  00000000
  000ad | 00400088 | 000b5840 0 0  0 11 11 | 00000000 00000022 | 00000008 00000008 | 12  00000001
  000ae | 0040008c | 1180fff8 0 0 12  0  0 | 00000000 00000008 | 00000000 00000000 |  9  00000008
  000af | 00400090 | 00000000 0 0  0  0  0 | 00000001 fffffff8 | 00000010 00000008 |  0  00000000
  000b0 | 00400094 | 318d0001 0 0 12  0 13 | 00000000 00000000 | 00000000 00000000 | 11  00000010
  000b1 | 00400098 | 200e0001 0 0  0  0 14 | 00000001 00000001 | 00000000 00000000 |  0  00000000
  000b2 | 0040009c | 15ae0002 1 0 13 14  0 | 00000000 00000001 | 00000001 00000000 |  0  00000000
  000b3 | 0040009c | 15ae0002 0 1 13 14  0 | 00000000 00000000 | 00000001 00000000 | 13  00000001
  000b4 | 004000a0 | 000c6042 0 0  0 12 12 | 00000001 00000002 | 00000000 00000000 | 14  00000001
  000b5 | 004000a4 | 012b4820 0 0  9 11  9 | 00000000 00000001 | 00000000 00000001 |  0  00000000
  000b6 | 004000a8 | 08100022 0 0  0  0  0 | 00000008 00000010 | 00000000 00000001 |  0  00000000
  000b7 | 00400088 | 000b5840 0 0  0 11 11 | 00000000 00000022 | 00000018 00000010 | 12  00000000
  000b8 | 0040008c | 1180fff8 0 0 12  0  0 | 00000000 00000010 | 00000000 00000000 |  9  00000018
  000b9 | 0040006c | 00000000 0 0  0  0  0 | 00000000 fffffff8 | 00000020 00000010 |  0  00000000
  000ba | 00400070 | 8fbf0004 0 0 29  0 31 | 00000000 00000000 | 00000000 00000000 | 11  00000020
  000bb | 00400074 | 8fb00000 0 0 29  0 16 | 10017fe4 00000004 | 00000000 00000000 |  0  00000000
  000bc | 00400078 | 03e00008 1 0 31  0  0 | 10017fe4 00000000 | 10017fe8 00000000 |  0  00000000
  000bd | 00400078 | 03e00008 0 0 31  0  0 | 00000000 00000000 | 10017fe4 00000000 | 31  00400064
  000be | 00400064 | 23bd0008 0 0 29  0 29 | 00400064 00000000 | 00000000 00000000 | 16  00000005
  000bf | 00400068 | 0810001f 0 0  0  0  0 | 10017fe4 00000008 | 00000000 00000000 |  0  00000000
  000c0 | 0040007c | 00000000 0 0  0  0  0 | 00000000 0000001f | 10017fec 00000000 |  0  00000000
  000c1 | 00400080 | 220b0000 0 0 16  0 11 | 00000000 00000000 | 00000000 00000000 | 29  10017fec
  000c2 | 00400084 | 212c0000 0 0  9  0 12 | 00000005 00000000 | 00000000 00000000 |  0  00000000
  000c3 | 00400088 | 20090000 0 0  0  0  9 | 00000018 00000000 | 00000005 00000000 |  0  00000000
  000c4 | 0040008c | 1180fff8 0 1 12  0  0 | 00000000 00000000 | 00000018 00000000 | 11  00000005
  000c5 | 00400090 | 00000000 0 0  0  0  0 | 00000018 fffffff8 | 00000000 00000000 | 12  00000018
  000c6 | 00400094 | 318d0001 0 0 12  0 13 | 00000000 00000000 | 00000000 00000000 |  9  00000000
  000c7 | 00400098 | 200e0001 0 0  0  0 14 | 00000018 00000001 | 00000000 00000000 |  0  00000000
  000c8 | 0040009c | 15ae0002 1 0 13 14  0 | 00000000 00000001 | 00000000 00000000 |  0  00000000
  000c9 | 0040009c | 15ae0002 0 1 13 14  0 | 00000000 00000000 | 00000001 00000000 | 13  00000000
  000ca | 004000a4 | 000c6042 0 0  0 12 12 | 00000000 00000002 | 00000000 00000000 | 14  00000001
  000cb | 004000a8 | 08100022 0 0  0  0  0 | 00000000 00000018 | 00000000 00000001 |  0  00000000
  000cc | 00400088 | 000b5840 0 0  0 11 11 | 00000000 00000022 | 0000000c 00000018 |  0  00000000
  000cd | 0040008c | 1180fff8 0 0 12  0  0 | 00000000 00000005 | 00000000 00000000 | 12  0000000c
  000ce | 00400090 | 00000000 0 0  0  0  0 | 0000000c fffffff8 | 0000000a 00000005 |  0  00000000
  000cf | 00400094 | 318d0001 0 0 12  0 13 | 00000000 00000000 | 00000000 00000000 | 11  0000000a
  000d0 | 00400098 | 200e0001 0 0  0  0 14 | 0000000c 00000001 | 00000000 00000000 |  0  00000000
  000d1 | 0040009c | 15ae0002 1 0 13 14  0 | 00000000 00000001 | 00000000 00000000 |  0  00000000
  000d2 | 0040009c | 15ae0002 0 1 13 14  0 | 00000000 00000000 | 00000001 00000000 | 13  00000000
  000d3 | 004000a4 | 000c6042 0 0  0 12 12 | 00000000 00000002 | 00000000 00000000 | 14  00000001
  000d4 | 004000a8 | 08100022 0 0  0  0  0 | 00000000 0000000c | 00000000 00000001 |  0  00000000
  000d5 | 00400088 | 000b5840 0 0  0 11 11 | 00000000 00000022 | 00000006 0000000c |  0  00000000
  000d6 | 0040008c | 1180fff8 0 0 12  0  0 | 00000000 0000000a | 00000000 00000000 | 12  00000006
  000d7 | 00400090 | 00000000 0 0  0  0  0 | 00000006 fffffff8 | 00000014 0000000a |  0  00000000
  000d8 | 00400094 | 318d0001 0 0 12  0 13 | 00000000 00000000 | 00000000 00000000 | 11  00000014
  000d9 | 00400098 | 200e0001 0 0  0  0 14 | 00000006 00000001 | 00000000 00000000 |  0  00000000
  000da | 0040009c | 15ae0002 1 0 13 14  0 | 00000000 00000001 | 00000000 00000000 |  0  00000000
  000db | 0040009c | 15ae0002 0 1 13 14  0 | 00000000 00000000 | 00000001 00000000 | 13  00000000
  000dc | 004000a4 | 000c6042 0 0  0 12 12 | 00000000 00000002 | 00000000 00000000 | 14  00000001
  000dd | 004000a8 | 08100022 0 0  0  0  0 | 00000000 00000006 | 00000000 00000001 |  0  00000000
  000de | 00400088 | 000b5840 0 0  0 11 11 | 00000000 00000022 | 00000003 00000006 |  0  00000000
  000df | 0040008c | 1180fff8 0 0 12  0  0 | 00000000 00000014 | 00000000 00000000 | 12  00000003
  000e0 | 00400090 | 00000000 0 0  0  0  0 | 00000003 fffffff8 | 00000028 00000014 |  0  00000000
  000e1 | 00400094 | 318d0001 0 0 12  0 13 | 00000000 00000000 | 00000000 00000000 | 11  00000028
  000e2 | 00400098 | 200e0001 0 0  0  0 14 | 00000003 00000001 | 00000000 00000000 |  0  00000000
  000e3 | 0040009c | 15ae0002 1 0 13 14  0 | 00000000 00000001 | 00000001 00000000 |  0  00000000
  000e4 | 0040009c | 15ae0002 0 1 13 14  0 | 00000000 00000000 | 00000001 00000000 | 13  00000001
  000e5 | 004000a0 | 000c6042 0 0  0 12 12 | 00000001 00000002 | 00000000 00000000 | 14  00000001
  000e6 | 004000a4 | 012b4820 0 0  9 11  9 | 00000000 00000003 | 00000000 00000001 |  0  00000000
  000e7 | 004000a8 | 08100022 0 0  0  0  0 | 00000000 00000028 | 00000001 00000003 |  0  00000000
  000e8 | 00400088 | 000b5840 0 0  0 11 11 | 00000000 00000022 | 00000028 00000028 | 12  00000001
  000e9 | 0040008c | 1180fff8 0 0 12  0  0 | 00000000 00000028 | 00000000 00000000 |  9  00000028
  000ea | 00400090 | 00000000 0 0  0  0  0 | 00000001 fffffff8 | 00000050 00000028 |  0  00000000
  000eb | 00400094 | 318d0001 0 0 12  0 13 | 00000000 00000000 | 00000000 00000000 | 11  00000050
  000ec | 00400098 | 200e0001 0 0  0  0 14 | 00000001 00000001 | 00000000 00000000 |  0  00000000
  000ed | 0040009c | 15ae0002 1 0 13 14  0 | 00000000 00000001 | 00000001 00000000 |  0  00000000
  000ee | 0040009c | 15ae0002 0 1 13 14  0 | 00000000 00000000 | 00000001 00000000 | 13  00000001
  000ef | 004000a0 | 000c6042 0 0  0 12 12 | 00000001 00000002 | 00000000 00000000 | 14  00000001
  000f0 | 004000a4 | 012b4820 0 0  9 11  9 | 00000000 00000001 | 00000000 00000001 |  0  00000000
  000f1 | 004000a8 | 08100022 0 0  0  0  0 | 00000028 00000050 | 00000000 00000001 |  0  00000000
  000f2 | 00400088 | 000b5840 0 0  0 11 11 | 00000000 00000022 | 00000078 00000050 | 12  00000000
  000f3 | 0040008c | 1180fff8 0 0 12  0  0 | 00000000 00000050 | 00000000 00000000 |  9  00000078
  000f4 | 0040006c | 00000000 0 0  0  0  0 | 00000000 fffffff8 | 000000a0 00000050 |  0  00000000
  000f5 | 00400070 | 8fbf0004 0 0 29  0 31 | 00000000 00000000 | 00000000 00000000 | 11  000000a0
  000f6 | 00400074 | 8fb00000 0 0 29  0 16 | 10017fec 00000004 | 00000000 00000000 |  0  00000000
  000f7 | 00400078 | 03e00008 1 0 31  0  0 | 10017fec 00000000 | 10017ff0 00000000 |  0  00000000
  000f8 | 00400078 | 03e00008 0 0 31  0  0 | 00000000 00000000 | 10017fec 00000000 | 31  00400064
  000f9 | 00400064 | 23bd0008 0 0 29  0 29 | 00400064 00000000 | 00000000 00000000 | 16  00000006
  000fa | 00400068 | 0810001f 0 0  0  0  0 | 10017fec 00000008 | 00000000 00000000 |  0  00000000
  000fb | 0040007c | 00000000 0 0  0  0  0 | 00000000 0000001f | 10017ff4 00000000 |  0  00000000
  000fc | 00400080 | 220b0000 0 0 16  0 11 | 00000000 00000000 | 00000000 00000000 | 29  10017ff4
  000fd | 00400084 | 212c0000 0 0  9  0 12 | 00000006 00000000 | 00000000 00000000 |  0  00000000
  000fe | 00400088 | 20090000 0 0  0  0  9 | 00000078 00000000 | 00000006 00000000 |  0  00000000
  000ff | 0040008c | 1180fff8 0 1 12  0  0 | 00000000 00000000 | 00000078 00000000 | 11  00000006
  00100 | 00400090 | 00000000 0 0  0  0  0 | 00000078 fffffff8 | 00000000 00000000 | 12  00000078
  00101 | 00400094 | 318d0001 0 0 12  0 13 | 00000000 00000000 | 00000000 00000000 |  9  00000000
  00102 | 00400098 | 200e0001 0 0  0  0 14 | 00000078 00000001 | 00000000 00000000 |  0  00000000
  00103 | 0040009c | 15ae0002 1 0 13 14  0 | 00000000 00000001 | 00000000 00000000 |  0  00000000
  00104 | 0040009c | 15ae0002 0 1 13 14  0 | 00000000 00000000 | 00000001 00000000 | 13  00000000
  00105 | 004000a4 | 000c6042 0 0  0 12 12 | 00000000 00000002 | 00000000 00000000 | 14  00000001
  00106 | 004000a8 | 08100022 0 0  0  0  0 | 00000000 00000078 | 00000000 00000001 |  0  00000000
  00107 | 00400088 | 000b5840 0 0  0 11 11 | 00000000 00000022 | 0000003c 00000078 |  0  00000000
  00108 | 0040008c | 1180fff8 0 0 12  0  0 | 00000000 00000006 | 00000000 00000000 | 12  0000003c
  00109 | 00400090 | 00000000 0 0  0  0  0 | 0000003c fffffff8 | 0000000c 00000006 |  0  00000000
  0010a | 00400094 | 318d0001 0 0 12  0 13 | 00000000 00000000 | 00000000 00000000 | 11  0000000c
  0010b | 00400098 | 200e0001 0 0  0  0 14 | 0000003c 00000001 | 00000000 00000000 |  0  00000000
  0010c | 0040009c | 15ae0002 1 0 13 14  0 | 00000000 00000001 | 00000000 00000000 |  0  00000000
  0010d | 0040009c | 15ae0002 0 1 13 14  0 | 00000000 00000000 | 00000001 00000000 | 13  00000000
  0010e | 004000a4 | 000c6042 0 0  0 12 12 | 00000000 00000002 | 00000000 00000000 | 14  00000001
  0010f | 004000a8 | 08100022 0 0  0  0  0 | 00000000 0000003c | 00000000 00000001 |  0  00000000
  00110 | 00400088 | 000b5840 0 0  0 11 11 | 00000000 00000022 | 0000001e 0000003c |  0  00000000
  00111 | 0040008c | 1180fff8 0 0 12  0  0 | 00000000 0000000c | 00000000 00000000 | 12  0000001e
  00112 | 00400090 | 00000000 0 0  0  0  0 | 0000001e fffffff8 | 00000018 0000000c |  0  00000000
  00113 | 00400094 | 318d0001 0 0 12  0 13 | 00000000 00000000 | 00000000 00000000 | 11  00000018
  00114 | 00400098 | 200e0001 0 0  0  0 14 | 0000001e 00000001 | 00000000 00000000 |  0  00000000
  00115 | 0040009c | 15ae0002 1 0 13 14  0 | 00000000 00000001 | 00000000 00000000 |  0  00000000
  00116 | 0040009c | 15ae0002 0 1 13 14  0 | 00000000 00000000 | 00000001 00000000 | 13  00000000
  00117 | 004000a4 | 000c6042 0 0  0 12 12 | 00000000 00000002 | 00000000 00000000 | 14  00000001
  00118 | 004000a8 | 08100022 0 0  0  0  0 | 00000000 0000001e | 00000000 00000001 |  0  00000000
  00119 | 00400088 | 000b5840 0 0  0 11 11 | 00000000 00000022 | 0000000f 0000001e |  0  00000000
  0011a | 0040008c | 1180fff8 0 0 12  0  0 | 00000000 00000018 | 00000000 00000000 | 12  0000000f
  0011b | 00400090 | 00000000 0 0  0  0  0 | 0000000f fffffff8 | 00000030 00000018 |  0  00000000
  0011c | 00400094 | 318d0001 0 0 12  0 13 | 00000000 00000000 | 00000000 00000000 | 11  00000030
  0011d | 00400098 | 200e0001 0 0  0  0 14 | 0000000f 00000001 | 00000000 00000000 |  0  00000000
  0011e | 0040009c | 15ae0002 1 0 13 14  0 | 00000000 00000001 | 00000001 00000000 |  0  00000000
  0011f | 0040009c | 15ae0002 0 1 13 14  0 | 00000000 00000000 | 00000001 00000000 | 13  00000001
  00120 | 004000a0 | 000c6042 0 0  0 12 12 | 00000001 00000002 | 00000000 00000000 | 14  00000001
  00121 | 004000a4 | 012b4820 0 0  9 11  9 | 00000000 0000000f | 00000000 00000001 |  0  00000000
  00122 | 004000a8 | 08100022 0 0  0  0  0 | 00000000 00000030 | 00000007 0000000f |  0  00000000
  00123 | 00400088 | 000b5840 0 0  0 11 11 | 00000000 00000022 | 00000030 00000030 | 12  00000007
  00124 | 0040008c | 1180fff8 0 0 12  0  0 | 00000000 00000030 | 00000000 00000000 |  9  00000030
  00125 | 00400090 | 00000000 0 0  0  0  0 | 00000007 fffffff8 | 00000060 00000030 |  0  00000000
  00126 | 00400094 | 318d0001 0 0 12  0 13 | 00000000 00000000 | 00000000 00000000 | 11  00000060
  00127 | 00400098 | 200e0001 0 0  0  0 14 | 00000007 00000001 | 00000000 00000000 |  0  00000000
  00128 | 0040009c | 15ae0002 1 0 13 14  0 | 00000000 00000001 | 00000001 00000000 |  0  00000000
  00129 | 0040009c | 15ae0002 0 1 13 14  0 | 00000000 00000000 | 00000001 00000000 | 13  00000001
  0012a | 004000a0 | 000c6042 0 0  0 12 12 | 00000001 00000002 | 00000000 00000000 | 14  00000001
  0012b | 004000a4 | 012b4820 0 0  9 11  9 | 00000000 00000007 | 00000000 00000001 |  0  00000000
  0012c | 004000a8 | 08100022 0 0  0  0  0 | 00000030 00000060 | 00000003 00000007 |  0  00000000
  0012d | 00400088 | 000b5840 0 0  0 11 11 | 00000000 00000022 | 00000090 00000060 | 12  00000003
  0012e | 0040008c | 1180fff8 0 0 12  0  0 | 00000000 00000060 | 00000000 00000000 |  9  00000090
  0012f | 00400090 | 00000000 0 0  0  0  0 | 00000003 fffffff8 | 000000c0 00000060 |  0  00000000
  00130 | 00400094 | 318d0001 0 0 12  0 13 | 00000000 00000000 | 00000000 00000000 | 11  000000c0
  00131 | 00400098 | 200e0001 0 0  0  0 14 | 00000003 00000001 | 00000000 00000000 |  0  00000000
  00132 | 0040009c | 15ae0002 1 0 13 14  0 | 00000000 00000001 | 00000001 00000000 |  0  00000000
  00133 | 0040009c | 15ae0002 0 1 13 14  0 | 00000000 00000000 | 00000001 00000000 | 13  00000001
  00134 | 004000a0 | 000c6042 0 0  0 12 12 | 00000001 00000002 | 00000000 00000000 | 14  00000001
  00135 | 004000a4 | 012b4820 0 0  9 11  9 | 00000000 00000003 | 00000000 00000001 |  0  00000000
  00136 | 004000a8 | 08100022 0 0  0  0  0 | 00000090 000000c0 | 00000001 00000003 |  0  00000000
  00137 | 00400088 | 000b5840 0 0  0 11 11 | 00000000 00000022 | 00000150 000000c0 | 12  00000001
  00138 | 0040008c | 1180fff8 0 0 12  0  0 | 00000000 000000c0 | 00000000 00000000 |  9  00000150
  00139 | 00400090 | 00000000 0 0  0  0  0 | 00000001 fffffff8 | 00000180 000000c0 |  0  00000000
  0013a | 00400094 | 318d0001 0 0 12  0 13 | 00000000 00000000 | 00000000 00000000 | 11  00000180
  0013b | 00400098 | 200e0001 0 0  0  0 14 | 00000001 00000001 | 00000000 00000000 |  0  00000000
  0013c | 0040009c | 15ae0002 1 0 13 14  0 | 00000000 00000001 | 00000001 00000000 |  0  00000000
  0013d | 0040009c | 15ae0002 0 1 13 14  0 | 00000000 00000000 | 00000001 00000000 | 13  00000001
  0013e | 004000a0 | 000c6042 0 0  0 12 12 | 00000001 00000002 | 00000000 00000000 | 14  00000001
  0013f | 004000a4 | 012b4820 0 0  9 11  9 | 00000000 00000001 | 00000000 00000001 |  0  00000000
  00140 | 004000a8 | 08100022 0 0  0  0  0 | 00000150 00000180 | 00000000 00000001 |  0  00000000
  00141 | 00400088 | 000b5840 0 0  0 11 11 | 00000000 00000022 | 000002d0 00000180 | 12  00000000
  00142 | 0040008c | 1180fff8 0 0 12  0  0 | 00000000 00000180 | 00000000 00000000 |  9  000002d0
  00143 | 0040006c | 00000000 0 0  0  0  0 | 00000000 fffffff8 | 00000300 00000180 |  0  00000000
  00144 | 00400070 | 8fbf0004 0 0 29  0 31 | 00000000 00000000 | 00000000 00000000 | 11  00000300
  00145 | 00400074 | 8fb00000 0 0 29  0 16 | 10017ff4 00000004 | 00000000 00000000 |  0  00000000
  00146 | 00400078 | 03e00008 1 0 31  0  0 | 10017ff4 00000000 | 10017ff8 00000000 |  0  00000000
  00147 | 00400078 | 03e00008 0 0 31  0  0 | 00000000 00000000 | 10017ff4 00000000 | 31  0040002c
  00148 | 0040002c | 23bd0008 0 0 29  0 29 | 0040002c 00000000 | 00000000 00000000 | 16  10010000
  00149 | 00400030 | ae290004 0 0 17  9  0 | 10017ff4 00000008 | 00000000 00000000 |  0  00000000
  0014a | 00400034 | 2402000a 0 0  0  0  2 | 10010000 00000004 | 10017ffc 00000000 |  0  00000000
  0014b | 00400038 | 0000000c 0 0  0  0  0 | 00000000 0000000a | 10010004 000002d0 | 29  10017ffc
  0014c | 0040003c | 23bdfff8 0 0 29  0 29 | 00000000 00000000 | 0000000a 00000000 |  0  10010004
  0014d | 00400040 | afbf0004 0 1 29 31  0 | 10017ffc fffffff8 | 00000000 00000000 |  2  0000000a
  0014e | 00400044 | 28880001 0 0  4  0  8 | 10017ff4 00000004 | 10017ff4 00000000 |  0  00000000
  ram[ 0]=00000006
  ram[ 1]=000002d0
  ram[ 2]=xxxxxxxx
  ram[ 3]=xxxxxxxx
  ram[ 4]=xxxxxxxx
  ram[ 5]=xxxxxxxx
  ram[ 6]=xxxxxxxx
  ram[ 7]=xxxxxxxx
  ram[ 8]=xxxxxxxx
  ram[ 9]=xxxxxxxx
  ram[10]=xxxxxxxx
  ram[11]=xxxxxxxx
  ram[12]=xxxxxxxx
  ram[13]=xxxxxxxx
  ram[14]=xxxxxxxx
  ram[15]=xxxxxxxx
  ram[16]=xxxxxxxx
  ram[17]=xxxxxxxx
  ram[18]=xxxxxxxx
  ram[19]=xxxxxxxx
  ram[20]=xxxxxxxx
  ram[21]=xxxxxxxx
  ram[22]=xxxxxxxx
  ram[23]=xxxxxxxx
  ram[24]=xxxxxxxx
  ram[25]=xxxxxxxx
  ram[26]=xxxxxxxx
  ram[27]=xxxxxxxx
  ram[28]=xxxxxxxx
  ram[29]=xxxxxxxx
  ram[30]=xxxxxxxx
  ram[31]=xxxxxxxx
  ram[32]=xxxxxxxx
  ram[33]=xxxxxxxx
  ram[34]=xxxxxxxx
  ram[35]=xxxxxxxx
  ram[36]=xxxxxxxx
  ram[37]=xxxxxxxx
  ram[38]=xxxxxxxx
  ram[39]=xxxxxxxx
  ram[40]=xxxxxxxx
  ram[41]=xxxxxxxx
  ram[42]=xxxxxxxx
  ram[43]=xxxxxxxx
  ram[44]=xxxxxxxx
  ram[45]=xxxxxxxx
  ram[46]=xxxxxxxx
  ram[47]=xxxxxxxx
  ram[48]=xxxxxxxx
  ram[49]=xxxxxxxx
  ram[50]=xxxxxxxx
  ram[51]=xxxxxxxx
  ram[52]=xxxxxxxx
  ram[53]=xxxxxxxx
  ram[54]=xxxxxxxx
  ram[55]=xxxxxxxx
  ram[56]=xxxxxxxx
  ram[57]=xxxxxxxx
  ram[58]=xxxxxxxx
  ram[59]=xxxxxxxx
  ram[60]=xxxxxxxx
  ram[61]=xxxxxxxx
  ram[62]=xxxxxxxx
  ram[63]=xxxxxxxx
  ram[64]=xxxxxxxx
  ram[65]=xxxxxxxx
  ram[66]=xxxxxxxx
  ram[67]=xxxxxxxx
  ram[68]=xxxxxxxx
  ram[69]=xxxxxxxx
  ram[70]=xxxxxxxx
  ram[71]=xxxxxxxx
  ram[72]=xxxxxxxx
  ram[73]=xxxxxxxx
  ram[74]=xxxxxxxx
  ram[75]=xxxxxxxx
  ram[76]=xxxxxxxx
  ram[77]=xxxxxxxx
  ram[78]=xxxxxxxx
  ram[79]=xxxxxxxx
  ram[80]=xxxxxxxx
  ram[81]=xxxxxxxx
  ram[82]=xxxxxxxx
  ram[83]=xxxxxxxx
  ram[84]=xxxxxxxx
  ram[85]=xxxxxxxx
  ram[86]=xxxxxxxx
  ram[87]=xxxxxxxx
  ram[88]=xxxxxxxx
  ram[89]=xxxxxxxx
  ram[90]=xxxxxxxx
  ram[91]=xxxxxxxx
  ram[92]=xxxxxxxx
  ram[93]=xxxxxxxx
  ram[94]=xxxxxxxx
  ram[95]=xxxxxxxx
  ram[96]=xxxxxxxx
  ram[97]=xxxxxxxx
  ram[98]=xxxxxxxx
  ram[99]=xxxxxxxx
  cycle =     334
