VCD info: dumpfile mips.vcd opened for output.
  cycle |  pc      |  inst    d f ra rb rd |  alu_a    alu_b   |  alu_q    ram_din | dst  reg_din
  xxxxx | xxxxxxxx | xxxxxxxx x x  x  x  x | xxxxxxxx xxxxxxxx | 00000000 xxxxxxxx |  x  xxxxxxxx
  xxxxx | 00400000 | 00000000 0 0  0  0  0 | xxxxxxxx xxxxxxxx | 00000000 xxxxxxxx |  x  xxxxxxxx
  00000 | 00400000 | 00000000 0 0  0  0  0 | 00000000 00000000 | 00000000 xxxxxxxx |  0  xxxxxxxx
  00000 | 00400000 | 00000000 0 0  0  0  0 | 00000000 00000000 | 00000000 00000000 |  0  xxxxxxxx
  00001 | 00400004 | 3c011001 0 0  0  0  1 | 00000000 00000000 | 00000000 00000000 |  0  00000000
  00002 | 00400008 | 343d7ffc 0 1  1  0 29 | 00000000 00001001 | 00000000 00000000 |  0  00000000
  00003 | 0040000c | 3c011001 0 0  0  0  1 | 10010000 00007ffc | 10010000 00000000 |  0  00000000
  00004 | 00400010 | 34300000 0 1  1  0 16 | 00000000 00001001 | 10017ffc 00000000 |  1  10010000
  00005 | 00400014 | 24020001 0 0  0  0  2 | 10010000 00000000 | 10010000 00000000 | 29  10017ffc
  00006 | 00400018 | 24040006 0 0  0  0  4 | 00000000 00000001 | 10010000 00000000 |  1  10010000
  00007 | 0040001c | ae040000 0 1 16  4  0 | 00000000 00000006 | 00000001 00000000 | 16  10010000
  00008 | 00400020 | 24050001 0 0  0  0  5 | 10010000 00000000 | 00000006 00000000 |  2  00000001
  00009 | 00400024 | ae050004 0 1 16  5  0 | 00000000 00000001 | 10010000 00000006 |  4  00000006
  0000a | 00400028 | 24020001 0 0  0  0  2 | 10010000 00000004 | 00000001 00000000 |  0  10010000
  0000b | 0040002c | 0000000c 0 0  0  0  0 | 00000000 00000001 | 10010004 00000001 |  5  00000001
  0000c | 00400030 | 00108820 0 0  0 16 17 | 00000000 00000000 | 00000001 00000000 |  0  10010004
  0000d | 00400034 | 0c100011 0 0  0  0 31 | 00000000 10010000 | 00000000 00000000 |  2  00000001
  0000e | 00400044 | afbf0000 0 1 29 31  0 | 00000000 00000011 | 10010000 10010000 |  0  00000000
  0000f | 00400048 | 23bdfff8 0 0 29  0 29 | 10017ffc 00000000 | 00400038 00000000 | 17  10010000
  00010 | 0040004c | afbf0004 0 1 29 31  0 | 10017ffc fffffff8 | 10017ffc 00400038 | 31  00400038
  00011 | 00400050 | 28880001 0 0  4  0  8 | 10017ff4 00000004 | 10017ff4 00000000 |  0  10017ffc
  00012 | 00400054 | 11000004 1 0  8  0  0 | 00000006 00000001 | 10017ff8 00400038 | 29  10017ff4
  00013 | 00400054 | 11000004 0 1  8  0  0 | 00000000 00000000 | 00000000 00000000 |  0  10017ff8
  00014 | 00400064 | afb00000 0 0 29 16  0 | 00000000 00000004 | 00000000 00000000 |  8  00000000
  00015 | 00400068 | 00048020 0 0  0  4 16 | 10017ff4 00000000 | 00000000 00000000 |  0  00000000
  00016 | 0040006c | 70a42802 0 0  5  4  5 | 00000000 00000006 | 10017ff4 10010000 |  0  00000000
  00017 | 00400070 | 0c100011 0 0  0  0 31 | 00000001 00000006 | 00000006 00000006 |  0  10017ff4
  00018 | 00400044 | 2084ffff 0 0  4  0  4 | 00000000 00000011 | 00000006 00000006 | 16  00000006
  00019 | 00400048 | 23bdfff8 0 0 29  0 29 | 00000006 ffffffff | 00400074 00000000 |  5  00000006
  0001a | 0040004c | afbf0004 0 1 29 31  0 | 10017ff4 fffffff8 | 00000005 00000000 | 31  00400074
  0001b | 00400050 | 28880001 0 0  4  0  8 | 10017fec 00000004 | 10017fec 00000000 |  4  00000005
  0001c | 00400054 | 11000004 1 0  8  0  0 | 00000005 00000001 | 10017ff0 00400074 | 29  10017fec
  0001d | 00400054 | 11000004 0 1  8  0  0 | 00000000 00000000 | 00000000 00000000 |  0  10017ff0
  0001e | 00400064 | afb00000 0 0 29 16  0 | 00000000 00000004 | 00000000 00000000 |  8  00000000
  0001f | 00400068 | 00048020 0 0  0  4 16 | 10017fec 00000000 | 00000000 00000000 |  0  00000000
  00020 | 0040006c | 70a42802 0 0  5  4  5 | 00000000 00000005 | 10017fec 00000006 |  0  00000000
  00021 | 00400070 | 0c100011 0 0  0  0 31 | 00000006 00000005 | 00000005 00000005 |  0  10017fec
  00022 | 00400044 | 2084ffff 0 0  4  0  4 | 00000000 00000011 | 0000001e 00000005 | 16  00000005
  00023 | 00400048 | 23bdfff8 0 0 29  0 29 | 00000005 ffffffff | 00400074 00000000 |  5  0000001e
  00024 | 0040004c | afbf0004 0 1 29 31  0 | 10017fec fffffff8 | 00000004 00000000 | 31  00400074
  00025 | 00400050 | 28880001 0 0  4  0  8 | 10017fe4 00000004 | 10017fe4 00000000 |  4  00000004
  00026 | 00400054 | 11000004 1 0  8  0  0 | 00000004 00000001 | 10017fe8 00400074 | 29  10017fe4
  00027 | 00400054 | 11000004 0 1  8  0  0 | 00000000 00000000 | 00000000 00000000 |  0  10017fe8
  00028 | 00400064 | afb00000 0 0 29 16  0 | 00000000 00000004 | 00000000 00000000 |  8  00000000
  00029 | 00400068 | 00048020 0 0  0  4 16 | 10017fe4 00000000 | 00000000 00000000 |  0  00000000
  0002a | 0040006c | 70a42802 0 0  5  4  5 | 00000000 00000004 | 10017fe4 00000005 |  0  00000000
  0002b | 00400070 | 0c100011 0 0  0  0 31 | 0000001e 00000004 | 00000004 00000004 |  0  10017fe4
  0002c | 00400044 | 2084ffff 0 0  4  0  4 | 00000000 00000011 | 00000078 00000004 | 16  00000004
  0002d | 00400048 | 23bdfff8 0 0 29  0 29 | 00000004 ffffffff | 00400074 00000000 |  5  00000078
  0002e | 0040004c | afbf0004 0 1 29 31  0 | 10017fe4 fffffff8 | 00000003 00000000 | 31  00400074
  0002f | 00400050 | 28880001 0 0  4  0  8 | 10017fdc 00000004 | 10017fdc 00000000 |  4  00000003
  00030 | 00400054 | 11000004 1 0  8  0  0 | 00000003 00000001 | 10017fe0 00400074 | 29  10017fdc
  00031 | 00400054 | 11000004 0 1  8  0  0 | 00000000 00000000 | 00000000 00000000 |  0  10017fe0
  00032 | 00400064 | afb00000 0 0 29 16  0 | 00000000 00000004 | 00000000 00000000 |  8  00000000
  00033 | 00400068 | 00048020 0 0  0  4 16 | 10017fdc 00000000 | 00000000 00000000 |  0  00000000
  00034 | 0040006c | 70a42802 0 0  5  4  5 | 00000000 00000003 | 10017fdc 00000004 |  0  00000000
  00035 | 00400070 | 0c100011 0 0  0  0 31 | 00000078 00000003 | 00000003 00000003 |  0  10017fdc
  00036 | 00400044 | 2084ffff 0 0  4  0  4 | 00000000 00000011 | 00000168 00000003 | 16  00000003
  00037 | 00400048 | 23bdfff8 0 0 29  0 29 | 00000003 ffffffff | 00400074 00000000 |  5  00000168
  00038 | 0040004c | afbf0004 0 1 29 31  0 | 10017fdc fffffff8 | 00000002 00000000 | 31  00400074
  00039 | 00400050 | 28880001 0 0  4  0  8 | 10017fd4 00000004 | 10017fd4 00000000 |  4  00000002
  0003a | 00400054 | 11000004 1 0  8  0  0 | 00000002 00000001 | 10017fd8 00400074 | 29  10017fd4
  0003b | 00400054 | 11000004 0 1  8  0  0 | 00000000 00000000 | 00000000 00000000 |  0  10017fd8
  0003c | 00400064 | afb00000 0 0 29 16  0 | 00000000 00000004 | 00000000 00000000 |  8  00000000
  0003d | 00400068 | 00048020 0 0  0  4 16 | 10017fd4 00000000 | 00000000 00000000 |  0  00000000
  0003e | 0040006c | 70a42802 0 0  5  4  5 | 00000000 00000002 | 10017fd4 00000003 |  0  00000000
  0003f | 00400070 | 0c100011 0 0  0  0 31 | 00000168 00000002 | 00000002 00000002 |  0  10017fd4
  00040 | 00400044 | 2084ffff 0 0  4  0  4 | 00000000 00000011 | 000002d0 00000002 | 16  00000002
  00041 | 00400048 | 23bdfff8 0 0 29  0 29 | 00000002 ffffffff | 00400074 00000000 |  5  000002d0
  00042 | 0040004c | afbf0004 0 1 29 31  0 | 10017fd4 fffffff8 | 00000001 00000000 | 31  00400074
  00043 | 00400050 | 28880001 0 0  4  0  8 | 10017fcc 00000004 | 10017fcc 00000000 |  4  00000001
  00044 | 00400054 | 11000004 1 0  8  0  0 | 00000001 00000001 | 10017fd0 00400074 | 29  10017fcc
  00045 | 00400054 | 11000004 0 1  8  0  0 | 00000000 00000000 | 00000000 00000000 |  0  10017fd0
  00046 | 00400064 | afb00000 0 0 29 16  0 | 00000000 00000004 | 00000000 00000000 |  8  00000000
  00047 | 00400068 | 00048020 0 0  0  4 16 | 10017fcc 00000000 | 00000000 00000000 |  0  00000000
  00048 | 0040006c | 70a42802 0 0  5  4  5 | 00000000 00000001 | 10017fcc 00000002 |  0  00000000
  00049 | 00400070 | 0c100011 0 0  0  0 31 | 000002d0 00000001 | 00000001 00000001 |  0  10017fcc
  0004a | 00400044 | 2084ffff 0 0  4  0  4 | 00000000 00000011 | 000002d0 00000001 | 16  00000001
  0004b | 00400048 | 23bdfff8 0 0 29  0 29 | 00000001 ffffffff | 00400074 00000000 |  5  000002d0
  0004c | 0040004c | afbf0004 0 1 29 31  0 | 10017fcc fffffff8 | 00000000 00000000 | 31  00400074
  0004d | 00400050 | 28880001 0 0  4  0  8 | 10017fc4 00000004 | 10017fc4 00000000 |  4  00000000
  0004e | 00400054 | 11000004 1 0  8  0  0 | 00000000 00000001 | 10017fc8 00400074 | 29  10017fc4
  0004f | 00400054 | 11000004 0 1  8  0  0 | 00000000 00000000 | 00000001 00000000 |  0  10017fc8
  00050 | 00400058 | afb00000 0 0 29 16  0 | 00000001 00000004 | 00000000 00000000 |  8  00000001
  00051 | 0040005c | 00054820 0 0  0  5  9 | 10017fc4 00000000 | 00000000 00000000 |  0  00000000
  00052 | 00400060 | 03e00008 0 0 31  0  0 | 00000000 000002d0 | 10017fc4 00000001 |  0  00000000
  00053 | 00400074 | 23bd0008 0 0 29  0 29 | 00400074 00000000 | 000002d0 000002d0 |  0  10017fc4
  00054 | 00400078 | 8fb00000 0 1 29  0 16 | 10017fc4 00000008 | 00000000 00000000 |  9  000002d0
  00055 | 0040007c | 8fbf0004 0 1 29  0 31 | 10017fcc 00000000 | 10017fcc 00000000 |  0  00000000
  00056 | 00400080 | 03e00008 1 0 31  0  0 | 10017fcc 00000004 | 10017fcc 00000000 | 29  10017fcc
  00057 | 00400080 | 03e00008 1 0 31  0  0 | 00000000 00000000 | 10017fd0 00000000 | 16  00000002
  00058 | 00400080 | 03e00008 0 0 31  0  0 | 00000000 00000000 | 00000000 00000000 | 31  00400074
  00059 | 00400074 | 23bd0008 0 0 29  0 29 | 00400074 00000000 | 00000000 00000000 |  0  00000000
  0005a | 00400078 | 8fb00000 0 1 29  0 16 | 10017fcc 00000008 | 00000000 00000000 |  0  00000000
  0005b | 0040007c | 8fbf0004 0 1 29  0 31 | 10017fd4 00000000 | 10017fd4 00000000 |  0  00000000
  0005c | 00400080 | 03e00008 1 0 31  0  0 | 10017fd4 00000004 | 10017fd4 00000000 | 29  10017fd4
  0005d | 00400080 | 03e00008 1 0 31  0  0 | 00000000 00000000 | 10017fd8 00000000 | 16  00000003
  0005e | 00400080 | 03e00008 0 0 31  0  0 | 00000000 00000000 | 00000000 00000000 | 31  00400074
  0005f | 00400074 | 23bd0008 0 0 29  0 29 | 00400074 00000000 | 00000000 00000000 |  0  00000000
  00060 | 00400078 | 8fb00000 0 1 29  0 16 | 10017fd4 00000008 | 00000000 00000000 |  0  00000000
  00061 | 0040007c | 8fbf0004 0 1 29  0 31 | 10017fdc 00000000 | 10017fdc 00000000 |  0  00000000
  00062 | 00400080 | 03e00008 1 0 31  0  0 | 10017fdc 00000004 | 10017fdc 00000000 | 29  10017fdc
  00063 | 00400080 | 03e00008 1 0 31  0  0 | 00000000 00000000 | 10017fe0 00000000 | 16  00000004
  00064 | 00400080 | 03e00008 0 0 31  0  0 | 00000000 00000000 | 00000000 00000000 | 31  00400074
  00065 | 00400074 | 23bd0008 0 0 29  0 29 | 00400074 00000000 | 00000000 00000000 |  0  00000000
  00066 | 00400078 | 8fb00000 0 1 29  0 16 | 10017fdc 00000008 | 00000000 00000000 |  0  00000000
  00067 | 0040007c | 8fbf0004 0 1 29  0 31 | 10017fe4 00000000 | 10017fe4 00000000 |  0  00000000
  00068 | 00400080 | 03e00008 1 0 31  0  0 | 10017fe4 00000004 | 10017fe4 00000000 | 29  10017fe4
  00069 | 00400080 | 03e00008 1 0 31  0  0 | 00000000 00000000 | 10017fe8 00000000 | 16  00000005
  0006a | 00400080 | 03e00008 0 0 31  0  0 | 00000000 00000000 | 00000000 00000000 | 31  00400074
  0006b | 00400074 | 23bd0008 0 0 29  0 29 | 00400074 00000000 | 00000000 00000000 |  0  00000000
  0006c | 00400078 | 8fb00000 0 1 29  0 16 | 10017fe4 00000008 | 00000000 00000000 |  0  00000000
  0006d | 0040007c | 8fbf0004 0 1 29  0 31 | 10017fec 00000000 | 10017fec 00000000 |  0  00000000
  0006e | 00400080 | 03e00008 1 0 31  0  0 | 10017fec 00000004 | 10017fec 00000000 | 29  10017fec
  0006f | 00400080 | 03e00008 1 0 31  0  0 | 00000000 00000000 | 10017ff0 00000000 | 16  00000006
  00070 | 00400080 | 03e00008 0 0 31  0  0 | 00000000 00000000 | 00000000 00000000 | 31  00400074
  00071 | 00400074 | 23bd0008 0 0 29  0 29 | 00400074 00000000 | 00000000 00000000 |  0  00000000
  00072 | 00400078 | 8fb00000 0 1 29  0 16 | 10017fec 00000008 | 00000000 00000000 |  0  00000000
  00073 | 0040007c | 8fbf0004 0 1 29  0 31 | 10017ff4 00000000 | 10017ff4 00000000 |  0  00000000
  00074 | 00400080 | 03e00008 1 0 31  0  0 | 10017ff4 00000004 | 10017ff4 00000000 | 29  10017ff4
  00075 | 00400080 | 03e00008 1 0 31  0  0 | 00000000 00000000 | 10017ff8 00000000 | 16  10010000
  00076 | 00400080 | 03e00008 0 0 31  0  0 | 00000000 00000000 | 00000000 00000000 | 31  00400038
  00077 | 00400038 | 23bd0008 0 0 29  0 29 | 00400038 00000000 | 00000000 00000000 |  0  00000000
  00078 | 0040003c | ae290008 0 0 17  9  0 | 10017ff4 00000008 | 00000000 00000000 |  0  00000000
  00079 | 00400040 | 2402000a 0 0  0  0  2 | 10010000 00000008 | 10017ffc 00000000 |  0  00000000
  0007a | 00400044 | 0000000c 0 0  0  0  0 | 00000000 0000000a | 10010008 000002d0 | 29  10017ffc
  0007b | 00400048 | 23bdfff8 0 0 29  0 29 | 00000000 00000000 | 0000000a 00000000 |  0  10010008
  0007c | 0040004c | afbf0004 0 1 29 31  0 | 10017ffc fffffff8 | 00000000 00000000 |  2  0000000a
  0007d | 00400050 | 28880001 0 0  4  0  8 | 10017ff4 00000004 | 10017ff4 00000000 |  0  00000000
  ram[ 0]=00000006
  ram[ 1]=00000001
  ram[ 2]=000002d0
  ram[ 3]=xxxxxxxx
  ram[ 4]=xxxxxxxx
  ram[ 5]=xxxxxxxx
  ram[ 6]=xxxxxxxx
  ram[ 7]=xxxxxxxx
  ram[ 8]=xxxxxxxx
  ram[ 9]=xxxxxxxx
  ram[10]=xxxxxxxx
  ram[11]=xxxxxxxx
  ram[12]=xxxxxxxx
  ram[13]=xxxxxxxx
  ram[14]=xxxxxxxx
  ram[15]=xxxxxxxx
  ram[16]=xxxxxxxx
  ram[17]=xxxxxxxx
  ram[18]=xxxxxxxx
  ram[19]=xxxxxxxx
  ram[20]=xxxxxxxx
  ram[21]=xxxxxxxx
  ram[22]=xxxxxxxx
  ram[23]=xxxxxxxx
  ram[24]=xxxxxxxx
  ram[25]=xxxxxxxx
  ram[26]=xxxxxxxx
  ram[27]=xxxxxxxx
  ram[28]=xxxxxxxx
  ram[29]=xxxxxxxx
  ram[30]=xxxxxxxx
  ram[31]=xxxxxxxx
  ram[32]=xxxxxxxx
  ram[33]=xxxxxxxx
  ram[34]=xxxxxxxx
  ram[35]=xxxxxxxx
  ram[36]=xxxxxxxx
  ram[37]=xxxxxxxx
  ram[38]=xxxxxxxx
  ram[39]=xxxxxxxx
  ram[40]=xxxxxxxx
  ram[41]=xxxxxxxx
  ram[42]=xxxxxxxx
  ram[43]=xxxxxxxx
  ram[44]=xxxxxxxx
  ram[45]=xxxxxxxx
  ram[46]=xxxxxxxx
  ram[47]=xxxxxxxx
  ram[48]=xxxxxxxx
  ram[49]=xxxxxxxx
  ram[50]=xxxxxxxx
  ram[51]=xxxxxxxx
  ram[52]=xxxxxxxx
  ram[53]=xxxxxxxx
  ram[54]=xxxxxxxx
  ram[55]=xxxxxxxx
  ram[56]=xxxxxxxx
  ram[57]=xxxxxxxx
  ram[58]=xxxxxxxx
  ram[59]=xxxxxxxx
  ram[60]=xxxxxxxx
  ram[61]=xxxxxxxx
  ram[62]=xxxxxxxx
  ram[63]=xxxxxxxx
  ram[64]=xxxxxxxx
  ram[65]=xxxxxxxx
  ram[66]=xxxxxxxx
  ram[67]=xxxxxxxx
  ram[68]=xxxxxxxx
  ram[69]=xxxxxxxx
  ram[70]=xxxxxxxx
  ram[71]=xxxxxxxx
  ram[72]=xxxxxxxx
  ram[73]=xxxxxxxx
  ram[74]=xxxxxxxx
  ram[75]=xxxxxxxx
  ram[76]=xxxxxxxx
  ram[77]=xxxxxxxx
  ram[78]=xxxxxxxx
  ram[79]=xxxxxxxx
  ram[80]=xxxxxxxx
  ram[81]=xxxxxxxx
  ram[82]=xxxxxxxx
  ram[83]=xxxxxxxx
  ram[84]=xxxxxxxx
  ram[85]=xxxxxxxx
  ram[86]=xxxxxxxx
  ram[87]=xxxxxxxx
  ram[88]=xxxxxxxx
  ram[89]=xxxxxxxx
  ram[90]=xxxxxxxx
  ram[91]=xxxxxxxx
  ram[92]=xxxxxxxx
  ram[93]=xxxxxxxx
  ram[94]=xxxxxxxx
  ram[95]=xxxxxxxx
  ram[96]=xxxxxxxx
  ram[97]=xxxxxxxx
  ram[98]=xxxxxxxx
  ram[99]=xxxxxxxx
  cycle =     125
