VCD info: dumpfile mips.vcd opened for output.
  cycle |  pc      |  inst    d f ra rb rd |  alu_a    alu_b   |  alu_q    ram_din | dst  reg_din
  xxxxx | xxxxxxxx | xxxxxxxx x x  x  x  x | xxxxxxxx xxxxxxxx | 00000000 xxxxxxxx |  x  xxxxxxxx
  xxxxx | 00400000 | 00000000 0 0  0  0  0 | xxxxxxxx xxxxxxxx | 00000000 xxxxxxxx |  x  xxxxxxxx
  00000 | 00400000 | 00000000 0 0  0  0  0 | 00000000 00000000 | 00000000 xxxxxxxx |  0  xxxxxxxx
  00000 | 00400000 | 00000000 0 0  0  0  0 | 00000000 00000000 | 00000000 00000000 |  0  xxxxxxxx
  00001 | 00400004 | 3c011001 0 0  0  0  1 | 00000000 00000000 | 00000000 00000000 |  0  00000000
  00002 | 00400008 | 34300000 0 1  1  0 16 | 00000000 00001001 | 00000000 00000000 |  0  00000000
  00003 | 0040000c | 24020001 0 0  0  0  2 | 10010000 00000000 | 10010000 00000000 |  0  00000000
  00004 | 00400010 | 24040002 0 0  0  0  4 | 00000000 00000001 | 10010000 00000000 |  1  10010000
  00005 | 00400014 | ae040000 0 1 16  4  0 | 00000000 00000002 | 00000001 00000000 | 16  10010000
  00006 | 00400018 | 24040003 0 0  0  0  4 | 10010000 00000000 | 00000002 00000000 |  2  00000001
  00007 | 0040001c | ae040004 0 1 16  4  0 | 00000000 00000003 | 10010000 00000002 |  4  00000002
  00008 | 00400020 | 24020001 0 0  0  0  2 | 10010000 00000004 | 00000003 00000000 |  0  10010000
  00009 | 00400024 | 0000000c 0 0  0  0  0 | 00000000 00000001 | 10010004 00000003 |  4  00000003
  0000a | 00400028 | 00108820 0 0  0 16 17 | 00000000 00000000 | 00000001 00000000 |  0  10010004
  0000b | 0040002c | 8e280000 0 1 17  0  8 | 00000000 10010000 | 00000000 00000000 |  2  00000001
  0000c | 00400030 | 8e290004 0 1 17  0  9 | 10010000 00000000 | 10010000 10010000 |  0  00000000
  0000d | 00400034 | 200a0000 0 0  0  0 10 | 10010000 00000004 | 10010000 00000000 | 17  10010000
  0000e | 00400038 | 1120000a 1 0  9  0  0 | 00000000 00000000 | 10010004 00000000 |  8  00000002
  0000f | 00400038 | 1120000a 0 0  9  0  0 | 00000000 00000000 | 00000000 00000000 |  9  00000003
  00010 | 0040003c | 00000000 0 0  0  0  0 | 00000003 0000000a | 00000000 00000000 | 10  00000000
  00011 | 00400040 | 312b0001 0 0  9  0 11 | 00000000 00000000 | 00000000 00000000 |  0  00000000
  00012 | 00400044 | 200c0001 0 0  0  0 12 | 00000003 00000001 | 00000000 00000000 |  0  00000000
  00013 | 00400048 | 156c0003 1 0 11 12  0 | 00000000 00000001 | 00000001 00000000 |  0  00000000
  00014 | 00400048 | 156c0003 0 1 11 12  0 | 00000000 00000000 | 00000001 00000000 | 11  00000001
  00015 | 0040004c | 00000000 0 0  0  0  0 | 00000001 00000003 | 00000000 00000000 | 12  00000001
  00016 | 00400050 | 01485020 0 0 10  8 10 | 00000000 00000000 | 00000000 00000001 |  0  00000000
  00017 | 00400054 | ae0a0008 0 1 16 10  0 | 00000000 00000002 | 00000000 00000000 |  0  00000000
  00018 | 00400058 | 00084040 0 0  0  8  8 | 10010000 00000008 | 00000002 00000002 |  0  00000000
  00019 | 0040005c | 0810000d 0 0  0  0  0 | 00000000 00000002 | 10010008 00000002 | 10  00000002
  0001a | 00400034 | 00094842 0 0  0  9  9 | 00000000 0000000d | 00000004 00000002 |  0  10010008
  0001b | 00400038 | 1120000a 1 0  9  0  0 | 00000000 00000003 | 00000000 00000000 |  8  00000004
  0001c | 00400038 | 1120000a 0 1  9  0  0 | 00000000 00000000 | 00000001 00000003 |  0  00000000
  0001d | 0040003c | 00000000 0 0  0  0  0 | 00000001 0000000a | 00000000 00000000 |  9  00000001
  0001e | 00400040 | 312b0001 0 0  9  0 11 | 00000000 00000000 | 00000000 00000000 |  0  00000000
  0001f | 00400044 | 200c0001 0 0  0  0 12 | 00000001 00000001 | 00000000 00000000 |  0  00000000
  00020 | 00400048 | 156c0003 1 0 11 12  0 | 00000000 00000001 | 00000001 00000000 |  0  00000000
  00021 | 00400048 | 156c0003 0 1 11 12  0 | 00000000 00000000 | 00000001 00000000 | 11  00000001
  00022 | 0040004c | 00000000 0 0  0  0  0 | 00000001 00000003 | 00000000 00000000 | 12  00000001
  00023 | 00400050 | 01485020 0 0 10  8 10 | 00000000 00000000 | 00000000 00000001 |  0  00000000
  00024 | 00400054 | ae0a0008 0 1 16 10  0 | 00000002 00000004 | 00000000 00000000 |  0  00000000
  00025 | 00400058 | 00084040 0 0  0  8  8 | 10010000 00000008 | 00000006 00000004 |  0  00000000
  00026 | 0040005c | 0810000d 0 0  0  0  0 | 00000000 00000004 | 10010008 00000006 | 10  00000006
  00027 | 00400034 | 00094842 0 0  0  9  9 | 00000000 0000000d | 00000008 00000004 |  0  10010008
  00028 | 00400038 | 1120000a 1 0  9  0  0 | 00000000 00000001 | 00000000 00000000 |  8  00000008
  00029 | 00400038 | 1120000a 0 1  9  0  0 | 00000000 00000000 | 00000000 00000001 |  0  00000000
  0002a | 00400060 | 00000000 0 0  0  0  0 | 00000000 0000000a | 00000000 00000000 |  9  00000000
  0002b | 00400064 | 2402000a 0 0  0  0  2 | 00000000 00000000 | 00000000 00000000 |  0  00000000
  0002c | 00400068 | 0000000c 0 0  0  0  0 | 00000000 0000000a | 00000000 00000000 |  0  00000000
  0002d | 0040006c | 00000000 0 0  0  0  0 | 00000000 00000000 | 0000000a 00000000 |  0  00000000
  0002e | 00400070 | 00000000 0 0  0  0  0 | 00000000 00000000 | 00000000 00000000 |  2  0000000a
  0002f | 00400074 | 00000000 0 0  0  0  0 | 00000000 00000000 | 00000000 00000000 |  0  00000000
  ram[ 0]=00000002
  ram[ 1]=00000003
  ram[ 2]=00000006
  ram[ 3]=xxxxxxxx
  ram[ 4]=xxxxxxxx
  ram[ 5]=xxxxxxxx
  ram[ 6]=xxxxxxxx
  ram[ 7]=xxxxxxxx
  ram[ 8]=xxxxxxxx
  ram[ 9]=xxxxxxxx
  ram[10]=xxxxxxxx
  ram[11]=xxxxxxxx
  ram[12]=xxxxxxxx
  ram[13]=xxxxxxxx
  ram[14]=xxxxxxxx
  ram[15]=xxxxxxxx
  ram[16]=xxxxxxxx
  ram[17]=xxxxxxxx
  ram[18]=xxxxxxxx
  ram[19]=xxxxxxxx
  ram[20]=xxxxxxxx
  ram[21]=xxxxxxxx
  ram[22]=xxxxxxxx
  ram[23]=xxxxxxxx
  ram[24]=xxxxxxxx
  ram[25]=xxxxxxxx
  ram[26]=xxxxxxxx
  ram[27]=xxxxxxxx
  ram[28]=xxxxxxxx
  ram[29]=xxxxxxxx
  ram[30]=xxxxxxxx
  ram[31]=xxxxxxxx
  ram[32]=xxxxxxxx
  ram[33]=xxxxxxxx
  ram[34]=xxxxxxxx
  ram[35]=xxxxxxxx
  ram[36]=xxxxxxxx
  ram[37]=xxxxxxxx
  ram[38]=xxxxxxxx
  ram[39]=xxxxxxxx
  ram[40]=xxxxxxxx
  ram[41]=xxxxxxxx
  ram[42]=xxxxxxxx
  ram[43]=xxxxxxxx
  ram[44]=xxxxxxxx
  ram[45]=xxxxxxxx
  ram[46]=xxxxxxxx
  ram[47]=xxxxxxxx
  ram[48]=xxxxxxxx
  ram[49]=xxxxxxxx
  ram[50]=xxxxxxxx
  ram[51]=xxxxxxxx
  ram[52]=xxxxxxxx
  ram[53]=xxxxxxxx
  ram[54]=xxxxxxxx
  ram[55]=xxxxxxxx
  ram[56]=xxxxxxxx
  ram[57]=xxxxxxxx
  ram[58]=xxxxxxxx
  ram[59]=xxxxxxxx
  ram[60]=xxxxxxxx
  ram[61]=xxxxxxxx
  ram[62]=xxxxxxxx
  ram[63]=xxxxxxxx
  ram[64]=xxxxxxxx
  ram[65]=xxxxxxxx
  ram[66]=xxxxxxxx
  ram[67]=xxxxxxxx
  ram[68]=xxxxxxxx
  ram[69]=xxxxxxxx
  ram[70]=xxxxxxxx
  ram[71]=xxxxxxxx
  ram[72]=xxxxxxxx
  ram[73]=xxxxxxxx
  ram[74]=xxxxxxxx
  ram[75]=xxxxxxxx
  ram[76]=xxxxxxxx
  ram[77]=xxxxxxxx
  ram[78]=xxxxxxxx
  ram[79]=xxxxxxxx
  ram[80]=xxxxxxxx
  ram[81]=xxxxxxxx
  ram[82]=xxxxxxxx
  ram[83]=xxxxxxxx
  ram[84]=xxxxxxxx
  ram[85]=xxxxxxxx
  ram[86]=xxxxxxxx
  ram[87]=xxxxxxxx
  ram[88]=xxxxxxxx
  ram[89]=xxxxxxxx
  ram[90]=xxxxxxxx
  ram[91]=xxxxxxxx
  ram[92]=xxxxxxxx
  ram[93]=xxxxxxxx
  ram[94]=xxxxxxxx
  ram[95]=xxxxxxxx
  ram[96]=xxxxxxxx
  ram[97]=xxxxxxxx
  ram[98]=xxxxxxxx
  ram[99]=xxxxxxxx
  cycle =      47
