VCD info: dumpfile mips.vcd opened for output.

wire en_hzd = 1'b1; /* ハザード検出 */
wire en_fwd = 1'b1; /* フォワーディング */
wire en_dly = 1'b0; /* 遅延分岐 */

  cycle |  pc      |  inst    d f ra rb rd |  alu_a    alu_b   |  alu_q    ram_din | dst  reg_din
  xxxxx | xxxxxxxx | xxxxxxxx x x  x  x  x | xxxxxxxx xxxxxxxx | 00000000 xxxxxxxx |  x  xxxxxxxx
  xxxxx | 00400000 | 00000000 0 0  0  0  0 | xxxxxxxx xxxxxxxx | 00000000 xxxxxxxx |  x  xxxxxxxx
  00000 | 00400000 | 00000000 0 0  0  0  0 | 00000000 00000000 | 00000000 xxxxxxxx |  0  00000000
  00000 | 00400000 | 00000000 0 0  0  0  0 | 00000000 00000000 | 00000000 00000000 |  0  00000000
  00001 | 00400004 | 3c011001 0 0  0  0  1 | 00000000 00000000 | 00000000 00000000 |  0  00000000
  00002 | 00400008 | 34300000 0 1  1  0 16 | 00000000 00001001 | 00000000 00000000 |  0  00000000
  00003 | 0040000c | 24040002 0 0  0  0  4 | 10010000 00000000 | 10010000 00000000 |  0  00000000
  00004 | 00400010 | ae040000 0 1 16  4  0 | 00000000 00000002 | 10010000 00000000 |  1  10010000
  00005 | 00400014 | 24040001 0 0  0  0  4 | 10010000 00000000 | 00000002 00000000 | 16  10010000
  00006 | 00400018 | ae040004 0 1 16  4  0 | 00000000 00000001 | 10010000 00000002 |  4  00000002
  00007 | 0040001c | 24040004 0 0  0  0  4 | 10010000 00000004 | 00000001 00000000 |  0  10010000
  00008 | 00400020 | ae040008 0 1 16  4  0 | 00000000 00000004 | 10010004 00000001 |  4  00000001
  00009 | 00400024 | 24040003 0 0  0  0  4 | 10010000 00000008 | 00000004 00000000 |  0  10010004
  0000a | 00400028 | ae04000c 0 1 16  4  0 | 00000000 00000003 | 10010008 00000004 |  4  00000004
  0000b | 0040002c | 24020001 0 0  0  0  2 | 10010000 0000000c | 00000003 00000000 |  0  10010008
  0000c | 00400030 | 0000000c 0 0  0  0  0 | 00000000 00000001 | 1001000c 00000003 |  4  00000003
  0000d | 00400034 | 00108820 0 0  0 16 17 | 00000000 00000000 | 00000001 00000000 |  0  1001000c
  0000e | 00400038 | 200a0000 0 0  0  0 10 | 00000000 10010000 | 00000000 00000000 |  2  00000001
  0000f | 0040003c | 200b0000 0 0  0  0 11 | 00000000 00000000 | 10010000 10010000 |  0  00000000
  00010 | 00400040 | 8e280000 0 0 17  0  8 | 00000000 00000000 | 00000000 00000000 | 17  10010000
  00011 | 00400044 | 8e290004 0 0 17  0  9 | 10010000 00000000 | 00000000 00000000 | 10  00000000
  00012 | 00400048 | 0109602a 1 0  8  9 12 | 10010000 00000004 | 10010000 00000000 | 11  00000000
  00013 | 00400048 | 0109602a 0 1  8  9 12 | 00000000 00000000 | 10010004 00000000 |  8  00000002
  00014 | 0040004c | 15800002 1 0 12  0  0 | 00000002 00000001 | 00000000 00000000 |  9  00000001
  00015 | 0040004c | 15800002 0 1 12  0  0 | 00000000 00000000 | 00000000 00000001 |  0  00000000
  00016 | 00400050 | ae280004 0 0 17  8  0 | 00000000 00000002 | 00000000 00000000 | 12  00000000
  00017 | 00400054 | ae290000 0 0 17  9  0 | 10010000 00000004 | 00000000 00000000 |  0  00000000
  00018 | 00400058 | 22310004 0 0 17  0 17 | 10010000 00000000 | 10010004 00000002 |  0  00000000
  00019 | 0040005c | 216b0001 0 0 11  0 11 | 10010000 00000004 | 10010000 00000001 |  0  10010004
  0001a | 00400060 | 200c0003 0 0  0  0 12 | 00000000 00000001 | 10010004 00000000 |  0  10010000
  0001b | 00400064 | 116c0001 1 0 11 12  0 | 00000000 00000003 | 00000001 00000000 | 17  10010004
  0001c | 00400064 | 116c0001 0 1 11 12  0 | 00000000 00000000 | 00000003 00000000 | 11  00000001
  0001d | 00400068 | 0810000f 0 0  0  0  0 | 00000001 00000001 | 00000000 00000000 | 12  00000003
  0001e | 0040003c | 00000000 0 0  0  0  0 | 00000000 0000000f | 00000000 00000003 |  0  00000000
  0001f | 00400040 | 8e280000 0 0 17  0  8 | 00000000 00000000 | 00000000 00000000 |  0  00000000
  00020 | 00400044 | 8e290004 0 0 17  0  9 | 10010004 00000000 | 00000000 00000000 |  0  00000000
  00021 | 00400048 | 0109602a 1 0  8  9 12 | 10010004 00000004 | 10010004 00000000 |  0  00000000
  00022 | 00400048 | 0109602a 0 1  8  9 12 | 00000000 00000000 | 10010008 00000000 |  8  00000002
  00023 | 0040004c | 15800002 1 0 12  0  0 | 00000002 00000004 | 00000000 00000000 |  9  00000004
  00024 | 0040004c | 15800002 0 1 12  0  0 | 00000000 00000000 | 00000001 00000004 |  0  00000000
  00025 | 00400054 | 00000000 0 0  0  0  0 | 00000001 00000002 | 00000000 00000000 | 12  00000001
  00026 | 00400058 | 22310004 0 0 17  0 17 | 00000000 00000000 | 00000000 00000000 |  0  00000000
  00027 | 0040005c | 216b0001 0 0 11  0 11 | 10010004 00000004 | 00000000 00000000 |  0  00000000
  00028 | 00400060 | 200c0003 0 0  0  0 12 | 00000001 00000001 | 10010008 00000000 |  0  00000000
  00029 | 00400064 | 116c0001 1 0 11 12  0 | 00000000 00000003 | 00000002 00000000 | 17  10010008
  0002a | 00400064 | 116c0001 0 1 11 12  0 | 00000000 00000000 | 00000003 00000000 | 11  00000002
  0002b | 00400068 | 0810000f 0 0  0  0  0 | 00000002 00000001 | 00000000 00000000 | 12  00000003
  0002c | 0040003c | 00000000 0 0  0  0  0 | 00000000 0000000f | 00000000 00000003 |  0  00000000
  0002d | 00400040 | 8e280000 0 0 17  0  8 | 00000000 00000000 | 00000000 00000000 |  0  00000000
  0002e | 00400044 | 8e290004 0 0 17  0  9 | 10010008 00000000 | 00000000 00000000 |  0  00000000
  0002f | 00400048 | 0109602a 1 0  8  9 12 | 10010008 00000004 | 10010008 00000000 |  0  00000000
  00030 | 00400048 | 0109602a 0 1  8  9 12 | 00000000 00000000 | 1001000c 00000000 |  8  00000004
  00031 | 0040004c | 15800002 1 0 12  0  0 | 00000004 00000003 | 00000000 00000000 |  9  00000003
  00032 | 0040004c | 15800002 0 1 12  0  0 | 00000000 00000000 | 00000000 00000003 |  0  00000000
  00033 | 00400050 | ae280004 0 0 17  8  0 | 00000000 00000002 | 00000000 00000000 | 12  00000000
  00034 | 00400054 | ae290000 0 0 17  9  0 | 10010008 00000004 | 00000000 00000000 |  0  00000000
  00035 | 00400058 | 22310004 0 0 17  0 17 | 10010008 00000000 | 1001000c 00000004 |  0  00000000
  00036 | 0040005c | 216b0001 0 0 11  0 11 | 10010008 00000004 | 10010008 00000003 |  0  1001000c
  00037 | 00400060 | 200c0003 0 0  0  0 12 | 00000002 00000001 | 1001000c 00000000 |  0  10010008
  00038 | 00400064 | 116c0001 1 0 11 12  0 | 00000000 00000003 | 00000003 00000000 | 17  1001000c
  00039 | 00400064 | 116c0001 0 1 11 12  0 | 00000000 00000000 | 00000003 00000000 | 11  00000003
  0003a | 00400068 | 00000000 0 0  0  0  0 | 00000003 00000001 | 00000000 00000000 | 12  00000003
  0003b | 0040006c | 200b0000 0 0  0  0 11 | 00000000 00000000 | 00000000 00000003 |  0  00000000
  0003c | 00400070 | 214a0001 0 0 10  0 10 | 00000000 00000000 | 00000000 00000000 |  0  00000000
  0003d | 00400074 | 00108820 0 0  0 16 17 | 00000000 00000001 | 00000000 00000000 |  0  00000000
  0003e | 00400078 | 200c0004 0 0  0  0 12 | 00000000 10010000 | 00000001 00000000 | 11  00000000
  0003f | 0040007c | 154cfff0 1 0 10 12  0 | 00000000 00000004 | 10010000 10010000 | 10  00000001
  00040 | 0040007c | 154cfff0 0 1 10 12  0 | 00000000 00000000 | 00000004 00000000 | 17  10010000
  00041 | 0040003c | 00000000 0 0  0  0  0 | 00000001 fffffff0 | 00000000 00000000 | 12  00000004
  00042 | 00400040 | 8e280000 0 0 17  0  8 | 00000000 00000000 | 00000000 00000004 |  0  00000000
  00043 | 00400044 | 8e290004 0 0 17  0  9 | 10010000 00000000 | 00000000 00000000 |  0  00000000
  00044 | 00400048 | 0109602a 1 0  8  9 12 | 10010000 00000004 | 10010000 00000000 |  0  00000000
  00045 | 00400048 | 0109602a 0 1  8  9 12 | 00000000 00000000 | 10010004 00000000 |  8  00000001
  00046 | 0040004c | 15800002 1 0 12  0  0 | 00000001 00000002 | 00000000 00000000 |  9  00000002
  00047 | 0040004c | 15800002 0 1 12  0  0 | 00000000 00000000 | 00000001 00000002 |  0  00000000
  00048 | 00400054 | 00000000 0 0  0  0  0 | 00000001 00000002 | 00000000 00000000 | 12  00000001
  00049 | 00400058 | 22310004 0 0 17  0 17 | 00000000 00000000 | 00000000 00000000 |  0  00000000
  0004a | 0040005c | 216b0001 0 0 11  0 11 | 10010000 00000004 | 00000000 00000000 |  0  00000000
  0004b | 00400060 | 200c0003 0 0  0  0 12 | 00000000 00000001 | 10010004 00000000 |  0  00000000
  0004c | 00400064 | 116c0001 1 0 11 12  0 | 00000000 00000003 | 00000001 00000000 | 17  10010004
  0004d | 00400064 | 116c0001 0 1 11 12  0 | 00000000 00000000 | 00000003 00000000 | 11  00000001
  0004e | 00400068 | 0810000f 0 0  0  0  0 | 00000001 00000001 | 00000000 00000000 | 12  00000003
  0004f | 0040003c | 00000000 0 0  0  0  0 | 00000000 0000000f | 00000000 00000003 |  0  00000000
  00050 | 00400040 | 8e280000 0 0 17  0  8 | 00000000 00000000 | 00000000 00000000 |  0  00000000
  00051 | 00400044 | 8e290004 0 0 17  0  9 | 10010004 00000000 | 00000000 00000000 |  0  00000000
  00052 | 00400048 | 0109602a 1 0  8  9 12 | 10010004 00000004 | 10010004 00000000 |  0  00000000
  00053 | 00400048 | 0109602a 0 1  8  9 12 | 00000000 00000000 | 10010008 00000000 |  8  00000002
  00054 | 0040004c | 15800002 1 0 12  0  0 | 00000002 00000003 | 00000000 00000000 |  9  00000003
  00055 | 0040004c | 15800002 0 1 12  0  0 | 00000000 00000000 | 00000001 00000003 |  0  00000000
  00056 | 00400054 | 00000000 0 0  0  0  0 | 00000001 00000002 | 00000000 00000000 | 12  00000001
  00057 | 00400058 | 22310004 0 0 17  0 17 | 00000000 00000000 | 00000000 00000000 |  0  00000000
  00058 | 0040005c | 216b0001 0 0 11  0 11 | 10010004 00000004 | 00000000 00000000 |  0  00000000
  00059 | 00400060 | 200c0003 0 0  0  0 12 | 00000001 00000001 | 10010008 00000000 |  0  00000000
  0005a | 00400064 | 116c0001 1 0 11 12  0 | 00000000 00000003 | 00000002 00000000 | 17  10010008
  0005b | 00400064 | 116c0001 0 1 11 12  0 | 00000000 00000000 | 00000003 00000000 | 11  00000002
  0005c | 00400068 | 0810000f 0 0  0  0  0 | 00000002 00000001 | 00000000 00000000 | 12  00000003
  0005d | 0040003c | 00000000 0 0  0  0  0 | 00000000 0000000f | 00000000 00000003 |  0  00000000
  0005e | 00400040 | 8e280000 0 0 17  0  8 | 00000000 00000000 | 00000000 00000000 |  0  00000000
  0005f | 00400044 | 8e290004 0 0 17  0  9 | 10010008 00000000 | 00000000 00000000 |  0  00000000
  00060 | 00400048 | 0109602a 1 0  8  9 12 | 10010008 00000004 | 10010008 00000000 |  0  00000000
  00061 | 00400048 | 0109602a 0 1  8  9 12 | 00000000 00000000 | 1001000c 00000000 |  8  00000003
  00062 | 0040004c | 15800002 1 0 12  0  0 | 00000003 00000004 | 00000000 00000000 |  9  00000004
  00063 | 0040004c | 15800002 0 1 12  0  0 | 00000000 00000000 | 00000001 00000004 |  0  00000000
  00064 | 00400054 | 00000000 0 0  0  0  0 | 00000001 00000002 | 00000000 00000000 | 12  00000001
  00065 | 00400058 | 22310004 0 0 17  0 17 | 00000000 00000000 | 00000000 00000000 |  0  00000000
  00066 | 0040005c | 216b0001 0 0 11  0 11 | 10010008 00000004 | 00000000 00000000 |  0  00000000
  00067 | 00400060 | 200c0003 0 0  0  0 12 | 00000002 00000001 | 1001000c 00000000 |  0  00000000
  00068 | 00400064 | 116c0001 1 0 11 12  0 | 00000000 00000003 | 00000003 00000000 | 17  1001000c
  00069 | 00400064 | 116c0001 0 1 11 12  0 | 00000000 00000000 | 00000003 00000000 | 11  00000003
  0006a | 00400068 | 00000000 0 0  0  0  0 | 00000003 00000001 | 00000000 00000000 | 12  00000003
  0006b | 0040006c | 200b0000 0 0  0  0 11 | 00000000 00000000 | 00000000 00000003 |  0  00000000
  0006c | 00400070 | 214a0001 0 0 10  0 10 | 00000000 00000000 | 00000000 00000000 |  0  00000000
  0006d | 00400074 | 00108820 0 0  0 16 17 | 00000001 00000001 | 00000000 00000000 |  0  00000000
  0006e | 00400078 | 200c0004 0 0  0  0 12 | 00000000 10010000 | 00000002 00000000 | 11  00000000
  0006f | 0040007c | 154cfff0 1 0 10 12  0 | 00000000 00000004 | 10010000 10010000 | 10  00000002
  00070 | 0040007c | 154cfff0 0 1 10 12  0 | 00000000 00000000 | 00000004 00000000 | 17  10010000
  00071 | 0040003c | 00000000 0 0  0  0  0 | 00000002 fffffff0 | 00000000 00000000 | 12  00000004
  00072 | 00400040 | 8e280000 0 0 17  0  8 | 00000000 00000000 | 00000000 00000004 |  0  00000000
  00073 | 00400044 | 8e290004 0 0 17  0  9 | 10010000 00000000 | 00000000 00000000 |  0  00000000
  00074 | 00400048 | 0109602a 1 0  8  9 12 | 10010000 00000004 | 10010000 00000000 |  0  00000000
  00075 | 00400048 | 0109602a 0 1  8  9 12 | 00000000 00000000 | 10010004 00000000 |  8  00000001
  00076 | 0040004c | 15800002 1 0 12  0  0 | 00000001 00000002 | 00000000 00000000 |  9  00000002
  00077 | 0040004c | 15800002 0 1 12  0  0 | 00000000 00000000 | 00000001 00000002 |  0  00000000
  00078 | 00400054 | 00000000 0 0  0  0  0 | 00000001 00000002 | 00000000 00000000 | 12  00000001
  00079 | 00400058 | 22310004 0 0 17  0 17 | 00000000 00000000 | 00000000 00000000 |  0  00000000
  0007a | 0040005c | 216b0001 0 0 11  0 11 | 10010000 00000004 | 00000000 00000000 |  0  00000000
  0007b | 00400060 | 200c0003 0 0  0  0 12 | 00000000 00000001 | 10010004 00000000 |  0  00000000
  0007c | 00400064 | 116c0001 1 0 11 12  0 | 00000000 00000003 | 00000001 00000000 | 17  10010004
  0007d | 00400064 | 116c0001 0 1 11 12  0 | 00000000 00000000 | 00000003 00000000 | 11  00000001
  0007e | 00400068 | 0810000f 0 0  0  0  0 | 00000001 00000001 | 00000000 00000000 | 12  00000003
  0007f | 0040003c | 00000000 0 0  0  0  0 | 00000000 0000000f | 00000000 00000003 |  0  00000000
  00080 | 00400040 | 8e280000 0 0 17  0  8 | 00000000 00000000 | 00000000 00000000 |  0  00000000
  00081 | 00400044 | 8e290004 0 0 17  0  9 | 10010004 00000000 | 00000000 00000000 |  0  00000000
  00082 | 00400048 | 0109602a 1 0  8  9 12 | 10010004 00000004 | 10010004 00000000 |  0  00000000
  00083 | 00400048 | 0109602a 0 1  8  9 12 | 00000000 00000000 | 10010008 00000000 |  8  00000002
  00084 | 0040004c | 15800002 1 0 12  0  0 | 00000002 00000003 | 00000000 00000000 |  9  00000003
  00085 | 0040004c | 15800002 0 1 12  0  0 | 00000000 00000000 | 00000001 00000003 |  0  00000000
  00086 | 00400054 | 00000000 0 0  0  0  0 | 00000001 00000002 | 00000000 00000000 | 12  00000001
  00087 | 00400058 | 22310004 0 0 17  0 17 | 00000000 00000000 | 00000000 00000000 |  0  00000000
  00088 | 0040005c | 216b0001 0 0 11  0 11 | 10010004 00000004 | 00000000 00000000 |  0  00000000
  00089 | 00400060 | 200c0003 0 0  0  0 12 | 00000001 00000001 | 10010008 00000000 |  0  00000000
  0008a | 00400064 | 116c0001 1 0 11 12  0 | 00000000 00000003 | 00000002 00000000 | 17  10010008
  0008b | 00400064 | 116c0001 0 1 11 12  0 | 00000000 00000000 | 00000003 00000000 | 11  00000002
  0008c | 00400068 | 0810000f 0 0  0  0  0 | 00000002 00000001 | 00000000 00000000 | 12  00000003
  0008d | 0040003c | 00000000 0 0  0  0  0 | 00000000 0000000f | 00000000 00000003 |  0  00000000
  0008e | 00400040 | 8e280000 0 0 17  0  8 | 00000000 00000000 | 00000000 00000000 |  0  00000000
  0008f | 00400044 | 8e290004 0 0 17  0  9 | 10010008 00000000 | 00000000 00000000 |  0  00000000
  00090 | 00400048 | 0109602a 1 0  8  9 12 | 10010008 00000004 | 10010008 00000000 |  0  00000000
  00091 | 00400048 | 0109602a 0 1  8  9 12 | 00000000 00000000 | 1001000c 00000000 |  8  00000003
  00092 | 0040004c | 15800002 1 0 12  0  0 | 00000003 00000004 | 00000000 00000000 |  9  00000004
  00093 | 0040004c | 15800002 0 1 12  0  0 | 00000000 00000000 | 00000001 00000004 |  0  00000000
  00094 | 00400054 | 00000000 0 0  0  0  0 | 00000001 00000002 | 00000000 00000000 | 12  00000001
  00095 | 00400058 | 22310004 0 0 17  0 17 | 00000000 00000000 | 00000000 00000000 |  0  00000000
  00096 | 0040005c | 216b0001 0 0 11  0 11 | 10010008 00000004 | 00000000 00000000 |  0  00000000
  00097 | 00400060 | 200c0003 0 0  0  0 12 | 00000002 00000001 | 1001000c 00000000 |  0  00000000
  00098 | 00400064 | 116c0001 1 0 11 12  0 | 00000000 00000003 | 00000003 00000000 | 17  1001000c
  00099 | 00400064 | 116c0001 0 1 11 12  0 | 00000000 00000000 | 00000003 00000000 | 11  00000003
  0009a | 00400068 | 00000000 0 0  0  0  0 | 00000003 00000001 | 00000000 00000000 | 12  00000003
  0009b | 0040006c | 200b0000 0 0  0  0 11 | 00000000 00000000 | 00000000 00000003 |  0  00000000
  0009c | 00400070 | 214a0001 0 0 10  0 10 | 00000000 00000000 | 00000000 00000000 |  0  00000000
  0009d | 00400074 | 00108820 0 0  0 16 17 | 00000002 00000001 | 00000000 00000000 |  0  00000000
  0009e | 00400078 | 200c0004 0 0  0  0 12 | 00000000 10010000 | 00000003 00000000 | 11  00000000
  0009f | 0040007c | 154cfff0 1 0 10 12  0 | 00000000 00000004 | 10010000 10010000 | 10  00000003
  000a0 | 0040007c | 154cfff0 0 1 10 12  0 | 00000000 00000000 | 00000004 00000000 | 17  10010000
  000a1 | 0040003c | 00000000 0 0  0  0  0 | 00000003 fffffff0 | 00000000 00000000 | 12  00000004
  000a2 | 00400040 | 8e280000 0 0 17  0  8 | 00000000 00000000 | 00000000 00000004 |  0  00000000
  000a3 | 00400044 | 8e290004 0 0 17  0  9 | 10010000 00000000 | 00000000 00000000 |  0  00000000
  000a4 | 00400048 | 0109602a 1 0  8  9 12 | 10010000 00000004 | 10010000 00000000 |  0  00000000
  000a5 | 00400048 | 0109602a 0 1  8  9 12 | 00000000 00000000 | 10010004 00000000 |  8  00000001
  000a6 | 0040004c | 15800002 1 0 12  0  0 | 00000001 00000002 | 00000000 00000000 |  9  00000002
  000a7 | 0040004c | 15800002 0 1 12  0  0 | 00000000 00000000 | 00000001 00000002 |  0  00000000
  000a8 | 00400054 | 00000000 0 0  0  0  0 | 00000001 00000002 | 00000000 00000000 | 12  00000001
  000a9 | 00400058 | 22310004 0 0 17  0 17 | 00000000 00000000 | 00000000 00000000 |  0  00000000
  000aa | 0040005c | 216b0001 0 0 11  0 11 | 10010000 00000004 | 00000000 00000000 |  0  00000000
  000ab | 00400060 | 200c0003 0 0  0  0 12 | 00000000 00000001 | 10010004 00000000 |  0  00000000
  000ac | 00400064 | 116c0001 1 0 11 12  0 | 00000000 00000003 | 00000001 00000000 | 17  10010004
  000ad | 00400064 | 116c0001 0 1 11 12  0 | 00000000 00000000 | 00000003 00000000 | 11  00000001
  000ae | 00400068 | 0810000f 0 0  0  0  0 | 00000001 00000001 | 00000000 00000000 | 12  00000003
  000af | 0040003c | 00000000 0 0  0  0  0 | 00000000 0000000f | 00000000 00000003 |  0  00000000
  000b0 | 00400040 | 8e280000 0 0 17  0  8 | 00000000 00000000 | 00000000 00000000 |  0  00000000
  000b1 | 00400044 | 8e290004 0 0 17  0  9 | 10010004 00000000 | 00000000 00000000 |  0  00000000
  000b2 | 00400048 | 0109602a 1 0  8  9 12 | 10010004 00000004 | 10010004 00000000 |  0  00000000
  000b3 | 00400048 | 0109602a 0 1  8  9 12 | 00000000 00000000 | 10010008 00000000 |  8  00000002
  000b4 | 0040004c | 15800002 1 0 12  0  0 | 00000002 00000003 | 00000000 00000000 |  9  00000003
  000b5 | 0040004c | 15800002 0 1 12  0  0 | 00000000 00000000 | 00000001 00000003 |  0  00000000
  000b6 | 00400054 | 00000000 0 0  0  0  0 | 00000001 00000002 | 00000000 00000000 | 12  00000001
  000b7 | 00400058 | 22310004 0 0 17  0 17 | 00000000 00000000 | 00000000 00000000 |  0  00000000
  000b8 | 0040005c | 216b0001 0 0 11  0 11 | 10010004 00000004 | 00000000 00000000 |  0  00000000
  000b9 | 00400060 | 200c0003 0 0  0  0 12 | 00000001 00000001 | 10010008 00000000 |  0  00000000
  000ba | 00400064 | 116c0001 1 0 11 12  0 | 00000000 00000003 | 00000002 00000000 | 17  10010008
  000bb | 00400064 | 116c0001 0 1 11 12  0 | 00000000 00000000 | 00000003 00000000 | 11  00000002
  000bc | 00400068 | 0810000f 0 0  0  0  0 | 00000002 00000001 | 00000000 00000000 | 12  00000003
  000bd | 0040003c | 00000000 0 0  0  0  0 | 00000000 0000000f | 00000000 00000003 |  0  00000000
  000be | 00400040 | 8e280000 0 0 17  0  8 | 00000000 00000000 | 00000000 00000000 |  0  00000000
  000bf | 00400044 | 8e290004 0 0 17  0  9 | 10010008 00000000 | 00000000 00000000 |  0  00000000
  000c0 | 00400048 | 0109602a 1 0  8  9 12 | 10010008 00000004 | 10010008 00000000 |  0  00000000
  000c1 | 00400048 | 0109602a 0 1  8  9 12 | 00000000 00000000 | 1001000c 00000000 |  8  00000003
  000c2 | 0040004c | 15800002 1 0 12  0  0 | 00000003 00000004 | 00000000 00000000 |  9  00000004
  000c3 | 0040004c | 15800002 0 1 12  0  0 | 00000000 00000000 | 00000001 00000004 |  0  00000000
  000c4 | 00400054 | 00000000 0 0  0  0  0 | 00000001 00000002 | 00000000 00000000 | 12  00000001
  000c5 | 00400058 | 22310004 0 0 17  0 17 | 00000000 00000000 | 00000000 00000000 |  0  00000000
  000c6 | 0040005c | 216b0001 0 0 11  0 11 | 10010008 00000004 | 00000000 00000000 |  0  00000000
  000c7 | 00400060 | 200c0003 0 0  0  0 12 | 00000002 00000001 | 1001000c 00000000 |  0  00000000
  000c8 | 00400064 | 116c0001 1 0 11 12  0 | 00000000 00000003 | 00000003 00000000 | 17  1001000c
  000c9 | 00400064 | 116c0001 0 1 11 12  0 | 00000000 00000000 | 00000003 00000000 | 11  00000003
  000ca | 00400068 | 00000000 0 0  0  0  0 | 00000003 00000001 | 00000000 00000000 | 12  00000003
  000cb | 0040006c | 200b0000 0 0  0  0 11 | 00000000 00000000 | 00000000 00000003 |  0  00000000
  000cc | 00400070 | 214a0001 0 0 10  0 10 | 00000000 00000000 | 00000000 00000000 |  0  00000000
  000cd | 00400074 | 00108820 0 0  0 16 17 | 00000003 00000001 | 00000000 00000000 |  0  00000000
  000ce | 00400078 | 200c0004 0 0  0  0 12 | 00000000 10010000 | 00000004 00000000 | 11  00000000
  000cf | 0040007c | 154cfff0 1 0 10 12  0 | 00000000 00000004 | 10010000 10010000 | 10  00000004
  000d0 | 0040007c | 154cfff0 0 1 10 12  0 | 00000000 00000000 | 00000004 00000000 | 17  10010000
  000d1 | 00400080 | 24020001 0 0  0  0  2 | 00000004 fffffff0 | 00000000 00000000 | 12  00000004
  000d2 | 00400084 | 0000000c 0 0  0  0  0 | 00000000 00000001 | 00000000 00000004 |  0  00000000
  000d3 | 00400088 | 240d0064 0 0  0  0 13 | 00000000 00000000 | 00000001 00000000 |  0  00000000
  000d4 | 0040008c | 3c011001 0 0  0  0  1 | 00000000 00000064 | 00000000 00000000 |  2  00000001
  000d5 | 00400090 | 34338000 0 1  1  0 19 | 00000000 00001001 | 00000064 00000000 |  0  00000000
  000d6 | 00400094 | 3c011001 0 0  0  0  1 | 10010000 00008000 | 10010000 00000000 | 13  00000064
  000d7 | 00400098 | 34310000 0 1  1  0 17 | 00000000 00001001 | 10018000 00000000 |  1  10010000
  000d8 | 0040009c | ae6d000c 0 0 19 13  0 | 10010000 00000000 | 10010000 00000000 | 19  10018000
  000d9 | 004000a0 | 3c011001 0 0  0  0  1 | 10018000 0000000c | 10010000 00000000 |  1  10010000
  000da | 004000a4 | 34320190 0 1  1  0 18 | 00000000 00001001 | 1001800c 00000064 | 17  10010000
  000db | 004000a8 | 24020001 0 0  0  0  2 | 10010000 00000190 | 10010000 00000000 |  0  1001800c
  000dc | 004000ac | 0000000c 0 0  0  0  0 | 00000000 00000001 | 10010190 00000000 |  1  10010000
  000dd | 004000b0 | 20080065 0 0  0  0  8 | 00000000 00000000 | 00000001 00000000 | 18  10010190
  000de | 004000b4 | 2108ffff 0 1  8  0  8 | 00000000 00000065 | 00000000 00000000 |  2  00000001
  000df | 004000b8 | 11000009 1 0  8  0  0 | 00000065 ffffffff | 00000065 00000000 |  0  00000000
  000e0 | 004000b8 | 11000009 0 1  8  0  0 | 00000000 00000000 | 00000064 00000000 |  8  00000065
  000e1 | 004000bc | 00000000 0 0  0  0  0 | 00000064 00000009 | 00000000 00000000 |  8  00000064
  000e2 | 004000c0 | 8e290000 0 0 17  0  9 | 00000000 00000000 | 00000000 00000000 |  0  00000000
  000e3 | 004000c4 | 00000000 0 0  0  0  0 | 10010000 00000000 | 00000000 00000000 |  0  00000000
  000e4 | 004000c8 | 1109fffa 1 0  8  9  0 | 00000000 00000000 | 10010000 00000000 |  0  00000000
  000e5 | 004000c8 | 1109fffa 0 0  8  9  0 | 00000000 00000000 | 00000000 00000000 |  9  00000001
  000e6 | 004000cc | 22310004 0 0 17  0 17 | 00000064 fffffffa | 00000000 00000000 |  0  00000000
  000e7 | 004000d0 | 200d012c 0 0  0  0 13 | 10010000 00000004 | 00000000 00000001 |  0  00000000
  000e8 | 004000d4 | ae6d000c 0 1 19 13  0 | 00000000 0000012c | 10010004 00000000 |  0  00000000
  000e9 | 004000d8 | 08100039 0 0  0  0  0 | 10018000 0000000c | 0000012c 00000000 | 17  10010004
  000ea | 004000e4 | 00000000 0 0  0  0  0 | 00000000 00000039 | 1001800c 0000012c | 13  0000012c
  000eb | 004000e8 | 24020001 0 0  0  0  2 | 00000000 00000000 | 00000000 00000000 |  0  1001800c
  000ec | 004000ec | 0000000c 0 0  0  0  0 | 00000000 00000001 | 00000000 00000000 |  0  00000000
  000ed | 004000f0 | 3c011001 0 0  0  0  1 | 00000000 00000000 | 00000001 00000000 |  0  00000000
  000ee | 004000f4 | 34310000 0 1  1  0 17 | 00000000 00001001 | 00000000 00000000 |  2  00000001
  000ef | 004000f8 | 8e290000 0 1 17  0  9 | 10010000 00000000 | 10010000 00000000 |  0  00000000
  000f0 | 004000fc | 22310004 0 1 17  0 17 | 10010000 00000000 | 10010000 00000000 |  1  10010000
  000f1 | 00400100 | 1632fffd 1 0 17 18  0 | 10010000 00000004 | 10010000 00000000 | 17  10010000
  000f2 | 00400100 | 1632fffd 0 1 17 18  0 | 00000000 00000000 | 10010004 00000000 |  9  00000001
  000f3 | 004000f4 | 00000000 0 0  0  0  0 | 10010004 fffffffd | 00000000 00000000 | 17  10010004
  000f4 | 004000f8 | 8e290000 0 0 17  0  9 | 00000000 00000000 | 00000000 10010190 |  0  00000000
  000f5 | 004000fc | 22310004 0 0 17  0 17 | 10010004 00000000 | 00000000 00000000 |  0  00000000
  000f6 | 00400100 | 1632fffd 1 0 17 18  0 | 10010004 00000004 | 10010004 00000000 |  0  00000000
  000f7 | 00400100 | 1632fffd 0 1 17 18  0 | 00000000 00000000 | 10010008 00000000 |  9  00000002
  000f8 | 004000f4 | 00000000 0 0  0  0  0 | 10010008 fffffffd | 00000000 00000000 | 17  10010008
  000f9 | 004000f8 | 8e290000 0 0 17  0  9 | 00000000 00000000 | 00000000 10010190 |  0  00000000
  000fa | 004000fc | 22310004 0 0 17  0 17 | 10010008 00000000 | 00000000 00000000 |  0  00000000
  000fb | 00400100 | 1632fffd 1 0 17 18  0 | 10010008 00000004 | 10010008 00000000 |  0  00000000
  000fc | 00400100 | 1632fffd 0 1 17 18  0 | 00000000 00000000 | 1001000c 00000000 |  9  00000003
  000fd | 004000f4 | 00000000 0 0  0  0  0 | 1001000c fffffffd | 00000000 00000000 | 17  1001000c
  000fe | 004000f8 | 8e290000 0 0 17  0  9 | 00000000 00000000 | 00000000 10010190 |  0  00000000
  000ff | 004000fc | 22310004 0 0 17  0 17 | 1001000c 00000000 | 00000000 00000000 |  0  00000000
  00100 | 00400100 | 1632fffd 1 0 17 18  0 | 1001000c 00000004 | 1001000c 00000000 |  0  00000000
  00101 | 00400100 | 1632fffd 0 1 17 18  0 | 00000000 00000000 | 10010010 00000000 |  9  00000004
  00102 | 004000f4 | 00000000 0 0  0  0  0 | 10010010 fffffffd | 00000000 00000000 | 17  10010010
  00103 | 004000f8 | 8e290000 0 0 17  0  9 | 00000000 00000000 | 00000000 10010190 |  0  00000000
  00104 | 004000fc | 22310004 0 0 17  0 17 | 10010010 00000000 | 00000000 00000000 |  0  00000000
  00105 | 00400100 | 1632fffd 1 0 17 18  0 | 10010010 00000004 | 10010010 00000000 |  0  00000000
  00106 | 00400100 | 1632fffd 0 1 17 18  0 | 00000000 00000000 | 10010014 00000000 |  9  xxxxxxxx
  00107 | 004000f4 | 00000000 0 0  0  0  0 | 10010014 fffffffd | 00000000 00000000 | 17  10010014
  00108 | 004000f8 | 8e290000 0 0 17  0  9 | 00000000 00000000 | 00000000 10010190 |  0  00000000
  00109 | 004000fc | 22310004 0 0 17  0 17 | 10010014 00000000 | 00000000 00000000 |  0  00000000
  0010a | 00400100 | 1632fffd 1 0 17 18  0 | 10010014 00000004 | 10010014 00000000 |  0  00000000
  0010b | 00400100 | 1632fffd 0 1 17 18  0 | 00000000 00000000 | 10010018 00000000 |  9  xxxxxxxx
  0010c | 004000f4 | 00000000 0 0  0  0  0 | 10010018 fffffffd | 00000000 00000000 | 17  10010018
  0010d | 004000f8 | 8e290000 0 0 17  0  9 | 00000000 00000000 | 00000000 10010190 |  0  00000000
  0010e | 004000fc | 22310004 0 0 17  0 17 | 10010018 00000000 | 00000000 00000000 |  0  00000000
  0010f | 00400100 | 1632fffd 1 0 17 18  0 | 10010018 00000004 | 10010018 00000000 |  0  00000000
  00110 | 00400100 | 1632fffd 0 1 17 18  0 | 00000000 00000000 | 1001001c 00000000 |  9  xxxxxxxx
  00111 | 004000f4 | 00000000 0 0  0  0  0 | 1001001c fffffffd | 00000000 00000000 | 17  1001001c
  00112 | 004000f8 | 8e290000 0 0 17  0  9 | 00000000 00000000 | 00000000 10010190 |  0  00000000
  00113 | 004000fc | 22310004 0 0 17  0 17 | 1001001c 00000000 | 00000000 00000000 |  0  00000000
  00114 | 00400100 | 1632fffd 1 0 17 18  0 | 1001001c 00000004 | 1001001c 00000000 |  0  00000000
  00115 | 00400100 | 1632fffd 0 1 17 18  0 | 00000000 00000000 | 10010020 00000000 |  9  xxxxxxxx
  00116 | 004000f4 | 00000000 0 0  0  0  0 | 10010020 fffffffd | 00000000 00000000 | 17  10010020
  00117 | 004000f8 | 8e290000 0 0 17  0  9 | 00000000 00000000 | 00000000 10010190 |  0  00000000
  00118 | 004000fc | 22310004 0 0 17  0 17 | 10010020 00000000 | 00000000 00000000 |  0  00000000
  00119 | 00400100 | 1632fffd 1 0 17 18  0 | 10010020 00000004 | 10010020 00000000 |  0  00000000
  0011a | 00400100 | 1632fffd 0 1 17 18  0 | 00000000 00000000 | 10010024 00000000 |  9  xxxxxxxx
  0011b | 004000f4 | 00000000 0 0  0  0  0 | 10010024 fffffffd | 00000000 00000000 | 17  10010024
  0011c | 004000f8 | 8e290000 0 0 17  0  9 | 00000000 00000000 | 00000000 10010190 |  0  00000000
  0011d | 004000fc | 22310004 0 0 17  0 17 | 10010024 00000000 | 00000000 00000000 |  0  00000000
  0011e | 00400100 | 1632fffd 1 0 17 18  0 | 10010024 00000004 | 10010024 00000000 |  0  00000000
  0011f | 00400100 | 1632fffd 0 1 17 18  0 | 00000000 00000000 | 10010028 00000000 |  9  xxxxxxxx
  00120 | 004000f4 | 00000000 0 0  0  0  0 | 10010028 fffffffd | 00000000 00000000 | 17  10010028
  00121 | 004000f8 | 8e290000 0 0 17  0  9 | 00000000 00000000 | 00000000 10010190 |  0  00000000
  00122 | 004000fc | 22310004 0 0 17  0 17 | 10010028 00000000 | 00000000 00000000 |  0  00000000
  00123 | 00400100 | 1632fffd 1 0 17 18  0 | 10010028 00000004 | 10010028 00000000 |  0  00000000
  00124 | 00400100 | 1632fffd 0 1 17 18  0 | 00000000 00000000 | 1001002c 00000000 |  9  xxxxxxxx
  00125 | 004000f4 | 00000000 0 0  0  0  0 | 1001002c fffffffd | 00000000 00000000 | 17  1001002c
  00126 | 004000f8 | 8e290000 0 0 17  0  9 | 00000000 00000000 | 00000000 10010190 |  0  00000000
  00127 | 004000fc | 22310004 0 0 17  0 17 | 1001002c 00000000 | 00000000 00000000 |  0  00000000
  00128 | 00400100 | 1632fffd 1 0 17 18  0 | 1001002c 00000004 | 1001002c 00000000 |  0  00000000
  00129 | 00400100 | 1632fffd 0 1 17 18  0 | 00000000 00000000 | 10010030 00000000 |  9  xxxxxxxx
  0012a | 004000f4 | 00000000 0 0  0  0  0 | 10010030 fffffffd | 00000000 00000000 | 17  10010030
  0012b | 004000f8 | 8e290000 0 0 17  0  9 | 00000000 00000000 | 00000000 10010190 |  0  00000000
  0012c | 004000fc | 22310004 0 0 17  0 17 | 10010030 00000000 | 00000000 00000000 |  0  00000000
  0012d | 00400100 | 1632fffd 1 0 17 18  0 | 10010030 00000004 | 10010030 00000000 |  0  00000000
  0012e | 00400100 | 1632fffd 0 1 17 18  0 | 00000000 00000000 | 10010034 00000000 |  9  xxxxxxxx
  0012f | 004000f4 | 00000000 0 0  0  0  0 | 10010034 fffffffd | 00000000 00000000 | 17  10010034
  00130 | 004000f8 | 8e290000 0 0 17  0  9 | 00000000 00000000 | 00000000 10010190 |  0  00000000
  00131 | 004000fc | 22310004 0 0 17  0 17 | 10010034 00000000 | 00000000 00000000 |  0  00000000
  00132 | 00400100 | 1632fffd 1 0 17 18  0 | 10010034 00000004 | 10010034 00000000 |  0  00000000
  00133 | 00400100 | 1632fffd 0 1 17 18  0 | 00000000 00000000 | 10010038 00000000 |  9  xxxxxxxx
  00134 | 004000f4 | 00000000 0 0  0  0  0 | 10010038 fffffffd | 00000000 00000000 | 17  10010038
  00135 | 004000f8 | 8e290000 0 0 17  0  9 | 00000000 00000000 | 00000000 10010190 |  0  00000000
  00136 | 004000fc | 22310004 0 0 17  0 17 | 10010038 00000000 | 00000000 00000000 |  0  00000000
  00137 | 00400100 | 1632fffd 1 0 17 18  0 | 10010038 00000004 | 10010038 00000000 |  0  00000000
  00138 | 00400100 | 1632fffd 0 1 17 18  0 | 00000000 00000000 | 1001003c 00000000 |  9  xxxxxxxx
  00139 | 004000f4 | 00000000 0 0  0  0  0 | 1001003c fffffffd | 00000000 00000000 | 17  1001003c
  0013a | 004000f8 | 8e290000 0 0 17  0  9 | 00000000 00000000 | 00000000 10010190 |  0  00000000
  0013b | 004000fc | 22310004 0 0 17  0 17 | 1001003c 00000000 | 00000000 00000000 |  0  00000000
  0013c | 00400100 | 1632fffd 1 0 17 18  0 | 1001003c 00000004 | 1001003c 00000000 |  0  00000000
  0013d | 00400100 | 1632fffd 0 1 17 18  0 | 00000000 00000000 | 10010040 00000000 |  9  xxxxxxxx
  0013e | 004000f4 | 00000000 0 0  0  0  0 | 10010040 fffffffd | 00000000 00000000 | 17  10010040
  0013f | 004000f8 | 8e290000 0 0 17  0  9 | 00000000 00000000 | 00000000 10010190 |  0  00000000
  00140 | 004000fc | 22310004 0 0 17  0 17 | 10010040 00000000 | 00000000 00000000 |  0  00000000
  00141 | 00400100 | 1632fffd 1 0 17 18  0 | 10010040 00000004 | 10010040 00000000 |  0  00000000
  00142 | 00400100 | 1632fffd 0 1 17 18  0 | 00000000 00000000 | 10010044 00000000 |  9  xxxxxxxx
  00143 | 004000f4 | 00000000 0 0  0  0  0 | 10010044 fffffffd | 00000000 00000000 | 17  10010044
  00144 | 004000f8 | 8e290000 0 0 17  0  9 | 00000000 00000000 | 00000000 10010190 |  0  00000000
  00145 | 004000fc | 22310004 0 0 17  0 17 | 10010044 00000000 | 00000000 00000000 |  0  00000000
  00146 | 00400100 | 1632fffd 1 0 17 18  0 | 10010044 00000004 | 10010044 00000000 |  0  00000000
  00147 | 00400100 | 1632fffd 0 1 17 18  0 | 00000000 00000000 | 10010048 00000000 |  9  xxxxxxxx
  00148 | 004000f4 | 00000000 0 0  0  0  0 | 10010048 fffffffd | 00000000 00000000 | 17  10010048
  00149 | 004000f8 | 8e290000 0 0 17  0  9 | 00000000 00000000 | 00000000 10010190 |  0  00000000
  0014a | 004000fc | 22310004 0 0 17  0 17 | 10010048 00000000 | 00000000 00000000 |  0  00000000
  0014b | 00400100 | 1632fffd 1 0 17 18  0 | 10010048 00000004 | 10010048 00000000 |  0  00000000
  0014c | 00400100 | 1632fffd 0 1 17 18  0 | 00000000 00000000 | 1001004c 00000000 |  9  xxxxxxxx
  0014d | 004000f4 | 00000000 0 0  0  0  0 | 1001004c fffffffd | 00000000 00000000 | 17  1001004c
  0014e | 004000f8 | 8e290000 0 0 17  0  9 | 00000000 00000000 | 00000000 10010190 |  0  00000000
  0014f | 004000fc | 22310004 0 0 17  0 17 | 1001004c 00000000 | 00000000 00000000 |  0  00000000
  00150 | 00400100 | 1632fffd 1 0 17 18  0 | 1001004c 00000004 | 1001004c 00000000 |  0  00000000
  00151 | 00400100 | 1632fffd 0 1 17 18  0 | 00000000 00000000 | 10010050 00000000 |  9  xxxxxxxx
  00152 | 004000f4 | 00000000 0 0  0  0  0 | 10010050 fffffffd | 00000000 00000000 | 17  10010050
  00153 | 004000f8 | 8e290000 0 0 17  0  9 | 00000000 00000000 | 00000000 10010190 |  0  00000000
  00154 | 004000fc | 22310004 0 0 17  0 17 | 10010050 00000000 | 00000000 00000000 |  0  00000000
  00155 | 00400100 | 1632fffd 1 0 17 18  0 | 10010050 00000004 | 10010050 00000000 |  0  00000000
  00156 | 00400100 | 1632fffd 0 1 17 18  0 | 00000000 00000000 | 10010054 00000000 |  9  xxxxxxxx
  00157 | 004000f4 | 00000000 0 0  0  0  0 | 10010054 fffffffd | 00000000 00000000 | 17  10010054
  00158 | 004000f8 | 8e290000 0 0 17  0  9 | 00000000 00000000 | 00000000 10010190 |  0  00000000
  00159 | 004000fc | 22310004 0 0 17  0 17 | 10010054 00000000 | 00000000 00000000 |  0  00000000
  0015a | 00400100 | 1632fffd 1 0 17 18  0 | 10010054 00000004 | 10010054 00000000 |  0  00000000
  0015b | 00400100 | 1632fffd 0 1 17 18  0 | 00000000 00000000 | 10010058 00000000 |  9  xxxxxxxx
  0015c | 004000f4 | 00000000 0 0  0  0  0 | 10010058 fffffffd | 00000000 00000000 | 17  10010058
  0015d | 004000f8 | 8e290000 0 0 17  0  9 | 00000000 00000000 | 00000000 10010190 |  0  00000000
  0015e | 004000fc | 22310004 0 0 17  0 17 | 10010058 00000000 | 00000000 00000000 |  0  00000000
  0015f | 00400100 | 1632fffd 1 0 17 18  0 | 10010058 00000004 | 10010058 00000000 |  0  00000000
  00160 | 00400100 | 1632fffd 0 1 17 18  0 | 00000000 00000000 | 1001005c 00000000 |  9  xxxxxxxx
  00161 | 004000f4 | 00000000 0 0  0  0  0 | 1001005c fffffffd | 00000000 00000000 | 17  1001005c
  00162 | 004000f8 | 8e290000 0 0 17  0  9 | 00000000 00000000 | 00000000 10010190 |  0  00000000
  00163 | 004000fc | 22310004 0 0 17  0 17 | 1001005c 00000000 | 00000000 00000000 |  0  00000000
  00164 | 00400100 | 1632fffd 1 0 17 18  0 | 1001005c 00000004 | 1001005c 00000000 |  0  00000000
  00165 | 00400100 | 1632fffd 0 1 17 18  0 | 00000000 00000000 | 10010060 00000000 |  9  xxxxxxxx
  00166 | 004000f4 | 00000000 0 0  0  0  0 | 10010060 fffffffd | 00000000 00000000 | 17  10010060
  00167 | 004000f8 | 8e290000 0 0 17  0  9 | 00000000 00000000 | 00000000 10010190 |  0  00000000
  00168 | 004000fc | 22310004 0 0 17  0 17 | 10010060 00000000 | 00000000 00000000 |  0  00000000
  00169 | 00400100 | 1632fffd 1 0 17 18  0 | 10010060 00000004 | 10010060 00000000 |  0  00000000
  0016a | 00400100 | 1632fffd 0 1 17 18  0 | 00000000 00000000 | 10010064 00000000 |  9  xxxxxxxx
  0016b | 004000f4 | 00000000 0 0  0  0  0 | 10010064 fffffffd | 00000000 00000000 | 17  10010064
  0016c | 004000f8 | 8e290000 0 0 17  0  9 | 00000000 00000000 | 00000000 10010190 |  0  00000000
  0016d | 004000fc | 22310004 0 0 17  0 17 | 10010064 00000000 | 00000000 00000000 |  0  00000000
  0016e | 00400100 | 1632fffd 1 0 17 18  0 | 10010064 00000004 | 10010064 00000000 |  0  00000000
  0016f | 00400100 | 1632fffd 0 1 17 18  0 | 00000000 00000000 | 10010068 00000000 |  9  xxxxxxxx
  00170 | 004000f4 | 00000000 0 0  0  0  0 | 10010068 fffffffd | 00000000 00000000 | 17  10010068
  00171 | 004000f8 | 8e290000 0 0 17  0  9 | 00000000 00000000 | 00000000 10010190 |  0  00000000
  00172 | 004000fc | 22310004 0 0 17  0 17 | 10010068 00000000 | 00000000 00000000 |  0  00000000
  00173 | 00400100 | 1632fffd 1 0 17 18  0 | 10010068 00000004 | 10010068 00000000 |  0  00000000
  00174 | 00400100 | 1632fffd 0 1 17 18  0 | 00000000 00000000 | 1001006c 00000000 |  9  xxxxxxxx
  00175 | 004000f4 | 00000000 0 0  0  0  0 | 1001006c fffffffd | 00000000 00000000 | 17  1001006c
  00176 | 004000f8 | 8e290000 0 0 17  0  9 | 00000000 00000000 | 00000000 10010190 |  0  00000000
  00177 | 004000fc | 22310004 0 0 17  0 17 | 1001006c 00000000 | 00000000 00000000 |  0  00000000
  00178 | 00400100 | 1632fffd 1 0 17 18  0 | 1001006c 00000004 | 1001006c 00000000 |  0  00000000
  00179 | 00400100 | 1632fffd 0 1 17 18  0 | 00000000 00000000 | 10010070 00000000 |  9  xxxxxxxx
  0017a | 004000f4 | 00000000 0 0  0  0  0 | 10010070 fffffffd | 00000000 00000000 | 17  10010070
  0017b | 004000f8 | 8e290000 0 0 17  0  9 | 00000000 00000000 | 00000000 10010190 |  0  00000000
  0017c | 004000fc | 22310004 0 0 17  0 17 | 10010070 00000000 | 00000000 00000000 |  0  00000000
  0017d | 00400100 | 1632fffd 1 0 17 18  0 | 10010070 00000004 | 10010070 00000000 |  0  00000000
  0017e | 00400100 | 1632fffd 0 1 17 18  0 | 00000000 00000000 | 10010074 00000000 |  9  xxxxxxxx
  0017f | 004000f4 | 00000000 0 0  0  0  0 | 10010074 fffffffd | 00000000 00000000 | 17  10010074
  00180 | 004000f8 | 8e290000 0 0 17  0  9 | 00000000 00000000 | 00000000 10010190 |  0  00000000
  00181 | 004000fc | 22310004 0 0 17  0 17 | 10010074 00000000 | 00000000 00000000 |  0  00000000
  00182 | 00400100 | 1632fffd 1 0 17 18  0 | 10010074 00000004 | 10010074 00000000 |  0  00000000
  00183 | 00400100 | 1632fffd 0 1 17 18  0 | 00000000 00000000 | 10010078 00000000 |  9  xxxxxxxx
  00184 | 004000f4 | 00000000 0 0  0  0  0 | 10010078 fffffffd | 00000000 00000000 | 17  10010078
  00185 | 004000f8 | 8e290000 0 0 17  0  9 | 00000000 00000000 | 00000000 10010190 |  0  00000000
  00186 | 004000fc | 22310004 0 0 17  0 17 | 10010078 00000000 | 00000000 00000000 |  0  00000000
  00187 | 00400100 | 1632fffd 1 0 17 18  0 | 10010078 00000004 | 10010078 00000000 |  0  00000000
  00188 | 00400100 | 1632fffd 0 1 17 18  0 | 00000000 00000000 | 1001007c 00000000 |  9  xxxxxxxx
  00189 | 004000f4 | 00000000 0 0  0  0  0 | 1001007c fffffffd | 00000000 00000000 | 17  1001007c
  0018a | 004000f8 | 8e290000 0 0 17  0  9 | 00000000 00000000 | 00000000 10010190 |  0  00000000
  0018b | 004000fc | 22310004 0 0 17  0 17 | 1001007c 00000000 | 00000000 00000000 |  0  00000000
  0018c | 00400100 | 1632fffd 1 0 17 18  0 | 1001007c 00000004 | 1001007c 00000000 |  0  00000000
  0018d | 00400100 | 1632fffd 0 1 17 18  0 | 00000000 00000000 | 10010080 00000000 |  9  xxxxxxxx
  0018e | 004000f4 | 00000000 0 0  0  0  0 | 10010080 fffffffd | 00000000 00000000 | 17  10010080
  0018f | 004000f8 | 8e290000 0 0 17  0  9 | 00000000 00000000 | 00000000 10010190 |  0  00000000
  00190 | 004000fc | 22310004 0 0 17  0 17 | 10010080 00000000 | 00000000 00000000 |  0  00000000
  00191 | 00400100 | 1632fffd 1 0 17 18  0 | 10010080 00000004 | 10010080 00000000 |  0  00000000
  00192 | 00400100 | 1632fffd 0 1 17 18  0 | 00000000 00000000 | 10010084 00000000 |  9  xxxxxxxx
  00193 | 004000f4 | 00000000 0 0  0  0  0 | 10010084 fffffffd | 00000000 00000000 | 17  10010084
  00194 | 004000f8 | 8e290000 0 0 17  0  9 | 00000000 00000000 | 00000000 10010190 |  0  00000000
  00195 | 004000fc | 22310004 0 0 17  0 17 | 10010084 00000000 | 00000000 00000000 |  0  00000000
  00196 | 00400100 | 1632fffd 1 0 17 18  0 | 10010084 00000004 | 10010084 00000000 |  0  00000000
  00197 | 00400100 | 1632fffd 0 1 17 18  0 | 00000000 00000000 | 10010088 00000000 |  9  xxxxxxxx
  00198 | 004000f4 | 00000000 0 0  0  0  0 | 10010088 fffffffd | 00000000 00000000 | 17  10010088
  00199 | 004000f8 | 8e290000 0 0 17  0  9 | 00000000 00000000 | 00000000 10010190 |  0  00000000
  0019a | 004000fc | 22310004 0 0 17  0 17 | 10010088 00000000 | 00000000 00000000 |  0  00000000
  0019b | 00400100 | 1632fffd 1 0 17 18  0 | 10010088 00000004 | 10010088 00000000 |  0  00000000
  0019c | 00400100 | 1632fffd 0 1 17 18  0 | 00000000 00000000 | 1001008c 00000000 |  9  xxxxxxxx
  0019d | 004000f4 | 00000000 0 0  0  0  0 | 1001008c fffffffd | 00000000 00000000 | 17  1001008c
  0019e | 004000f8 | 8e290000 0 0 17  0  9 | 00000000 00000000 | 00000000 10010190 |  0  00000000
  0019f | 004000fc | 22310004 0 0 17  0 17 | 1001008c 00000000 | 00000000 00000000 |  0  00000000
  001a0 | 00400100 | 1632fffd 1 0 17 18  0 | 1001008c 00000004 | 1001008c 00000000 |  0  00000000
  001a1 | 00400100 | 1632fffd 0 1 17 18  0 | 00000000 00000000 | 10010090 00000000 |  9  xxxxxxxx
  001a2 | 004000f4 | 00000000 0 0  0  0  0 | 10010090 fffffffd | 00000000 00000000 | 17  10010090
  001a3 | 004000f8 | 8e290000 0 0 17  0  9 | 00000000 00000000 | 00000000 10010190 |  0  00000000
  001a4 | 004000fc | 22310004 0 0 17  0 17 | 10010090 00000000 | 00000000 00000000 |  0  00000000
  001a5 | 00400100 | 1632fffd 1 0 17 18  0 | 10010090 00000004 | 10010090 00000000 |  0  00000000
  001a6 | 00400100 | 1632fffd 0 1 17 18  0 | 00000000 00000000 | 10010094 00000000 |  9  xxxxxxxx
  001a7 | 004000f4 | 00000000 0 0  0  0  0 | 10010094 fffffffd | 00000000 00000000 | 17  10010094
  001a8 | 004000f8 | 8e290000 0 0 17  0  9 | 00000000 00000000 | 00000000 10010190 |  0  00000000
  001a9 | 004000fc | 22310004 0 0 17  0 17 | 10010094 00000000 | 00000000 00000000 |  0  00000000
  001aa | 00400100 | 1632fffd 1 0 17 18  0 | 10010094 00000004 | 10010094 00000000 |  0  00000000
  001ab | 00400100 | 1632fffd 0 1 17 18  0 | 00000000 00000000 | 10010098 00000000 |  9  xxxxxxxx
  001ac | 004000f4 | 00000000 0 0  0  0  0 | 10010098 fffffffd | 00000000 00000000 | 17  10010098
  001ad | 004000f8 | 8e290000 0 0 17  0  9 | 00000000 00000000 | 00000000 10010190 |  0  00000000
  001ae | 004000fc | 22310004 0 0 17  0 17 | 10010098 00000000 | 00000000 00000000 |  0  00000000
  001af | 00400100 | 1632fffd 1 0 17 18  0 | 10010098 00000004 | 10010098 00000000 |  0  00000000
  001b0 | 00400100 | 1632fffd 0 1 17 18  0 | 00000000 00000000 | 1001009c 00000000 |  9  xxxxxxxx
  001b1 | 004000f4 | 00000000 0 0  0  0  0 | 1001009c fffffffd | 00000000 00000000 | 17  1001009c
  001b2 | 004000f8 | 8e290000 0 0 17  0  9 | 00000000 00000000 | 00000000 10010190 |  0  00000000
  001b3 | 004000fc | 22310004 0 0 17  0 17 | 1001009c 00000000 | 00000000 00000000 |  0  00000000
  001b4 | 00400100 | 1632fffd 1 0 17 18  0 | 1001009c 00000004 | 1001009c 00000000 |  0  00000000
  001b5 | 00400100 | 1632fffd 0 1 17 18  0 | 00000000 00000000 | 100100a0 00000000 |  9  xxxxxxxx
  001b6 | 004000f4 | 00000000 0 0  0  0  0 | 100100a0 fffffffd | 00000000 00000000 | 17  100100a0
  001b7 | 004000f8 | 8e290000 0 0 17  0  9 | 00000000 00000000 | 00000000 10010190 |  0  00000000
  001b8 | 004000fc | 22310004 0 0 17  0 17 | 100100a0 00000000 | 00000000 00000000 |  0  00000000
  001b9 | 00400100 | 1632fffd 1 0 17 18  0 | 100100a0 00000004 | 100100a0 00000000 |  0  00000000
  001ba | 00400100 | 1632fffd 0 1 17 18  0 | 00000000 00000000 | 100100a4 00000000 |  9  xxxxxxxx
  001bb | 004000f4 | 00000000 0 0  0  0  0 | 100100a4 fffffffd | 00000000 00000000 | 17  100100a4
  001bc | 004000f8 | 8e290000 0 0 17  0  9 | 00000000 00000000 | 00000000 10010190 |  0  00000000
  001bd | 004000fc | 22310004 0 0 17  0 17 | 100100a4 00000000 | 00000000 00000000 |  0  00000000
  001be | 00400100 | 1632fffd 1 0 17 18  0 | 100100a4 00000004 | 100100a4 00000000 |  0  00000000
  001bf | 00400100 | 1632fffd 0 1 17 18  0 | 00000000 00000000 | 100100a8 00000000 |  9  xxxxxxxx
  001c0 | 004000f4 | 00000000 0 0  0  0  0 | 100100a8 fffffffd | 00000000 00000000 | 17  100100a8
  001c1 | 004000f8 | 8e290000 0 0 17  0  9 | 00000000 00000000 | 00000000 10010190 |  0  00000000
  001c2 | 004000fc | 22310004 0 0 17  0 17 | 100100a8 00000000 | 00000000 00000000 |  0  00000000
  001c3 | 00400100 | 1632fffd 1 0 17 18  0 | 100100a8 00000004 | 100100a8 00000000 |  0  00000000
  001c4 | 00400100 | 1632fffd 0 1 17 18  0 | 00000000 00000000 | 100100ac 00000000 |  9  xxxxxxxx
  001c5 | 004000f4 | 00000000 0 0  0  0  0 | 100100ac fffffffd | 00000000 00000000 | 17  100100ac
  001c6 | 004000f8 | 8e290000 0 0 17  0  9 | 00000000 00000000 | 00000000 10010190 |  0  00000000
  001c7 | 004000fc | 22310004 0 0 17  0 17 | 100100ac 00000000 | 00000000 00000000 |  0  00000000
  001c8 | 00400100 | 1632fffd 1 0 17 18  0 | 100100ac 00000004 | 100100ac 00000000 |  0  00000000
  001c9 | 00400100 | 1632fffd 0 1 17 18  0 | 00000000 00000000 | 100100b0 00000000 |  9  xxxxxxxx
  001ca | 004000f4 | 00000000 0 0  0  0  0 | 100100b0 fffffffd | 00000000 00000000 | 17  100100b0
  001cb | 004000f8 | 8e290000 0 0 17  0  9 | 00000000 00000000 | 00000000 10010190 |  0  00000000
  001cc | 004000fc | 22310004 0 0 17  0 17 | 100100b0 00000000 | 00000000 00000000 |  0  00000000
  001cd | 00400100 | 1632fffd 1 0 17 18  0 | 100100b0 00000004 | 100100b0 00000000 |  0  00000000
  001ce | 00400100 | 1632fffd 0 1 17 18  0 | 00000000 00000000 | 100100b4 00000000 |  9  xxxxxxxx
  001cf | 004000f4 | 00000000 0 0  0  0  0 | 100100b4 fffffffd | 00000000 00000000 | 17  100100b4
  001d0 | 004000f8 | 8e290000 0 0 17  0  9 | 00000000 00000000 | 00000000 10010190 |  0  00000000
  001d1 | 004000fc | 22310004 0 0 17  0 17 | 100100b4 00000000 | 00000000 00000000 |  0  00000000
  001d2 | 00400100 | 1632fffd 1 0 17 18  0 | 100100b4 00000004 | 100100b4 00000000 |  0  00000000
  001d3 | 00400100 | 1632fffd 0 1 17 18  0 | 00000000 00000000 | 100100b8 00000000 |  9  xxxxxxxx
  001d4 | 004000f4 | 00000000 0 0  0  0  0 | 100100b8 fffffffd | 00000000 00000000 | 17  100100b8
  001d5 | 004000f8 | 8e290000 0 0 17  0  9 | 00000000 00000000 | 00000000 10010190 |  0  00000000
  001d6 | 004000fc | 22310004 0 0 17  0 17 | 100100b8 00000000 | 00000000 00000000 |  0  00000000
  001d7 | 00400100 | 1632fffd 1 0 17 18  0 | 100100b8 00000004 | 100100b8 00000000 |  0  00000000
  001d8 | 00400100 | 1632fffd 0 1 17 18  0 | 00000000 00000000 | 100100bc 00000000 |  9  xxxxxxxx
  001d9 | 004000f4 | 00000000 0 0  0  0  0 | 100100bc fffffffd | 00000000 00000000 | 17  100100bc
  001da | 004000f8 | 8e290000 0 0 17  0  9 | 00000000 00000000 | 00000000 10010190 |  0  00000000
  001db | 004000fc | 22310004 0 0 17  0 17 | 100100bc 00000000 | 00000000 00000000 |  0  00000000
  001dc | 00400100 | 1632fffd 1 0 17 18  0 | 100100bc 00000004 | 100100bc 00000000 |  0  00000000
  001dd | 00400100 | 1632fffd 0 1 17 18  0 | 00000000 00000000 | 100100c0 00000000 |  9  xxxxxxxx
  001de | 004000f4 | 00000000 0 0  0  0  0 | 100100c0 fffffffd | 00000000 00000000 | 17  100100c0
  001df | 004000f8 | 8e290000 0 0 17  0  9 | 00000000 00000000 | 00000000 10010190 |  0  00000000
  001e0 | 004000fc | 22310004 0 0 17  0 17 | 100100c0 00000000 | 00000000 00000000 |  0  00000000
  001e1 | 00400100 | 1632fffd 1 0 17 18  0 | 100100c0 00000004 | 100100c0 00000000 |  0  00000000
  001e2 | 00400100 | 1632fffd 0 1 17 18  0 | 00000000 00000000 | 100100c4 00000000 |  9  xxxxxxxx
  001e3 | 004000f4 | 00000000 0 0  0  0  0 | 100100c4 fffffffd | 00000000 00000000 | 17  100100c4
  001e4 | 004000f8 | 8e290000 0 0 17  0  9 | 00000000 00000000 | 00000000 10010190 |  0  00000000
  001e5 | 004000fc | 22310004 0 0 17  0 17 | 100100c4 00000000 | 00000000 00000000 |  0  00000000
  001e6 | 00400100 | 1632fffd 1 0 17 18  0 | 100100c4 00000004 | 100100c4 00000000 |  0  00000000
  001e7 | 00400100 | 1632fffd 0 1 17 18  0 | 00000000 00000000 | 100100c8 00000000 |  9  xxxxxxxx
  001e8 | 004000f4 | 00000000 0 0  0  0  0 | 100100c8 fffffffd | 00000000 00000000 | 17  100100c8
  001e9 | 004000f8 | 8e290000 0 0 17  0  9 | 00000000 00000000 | 00000000 10010190 |  0  00000000
  001ea | 004000fc | 22310004 0 0 17  0 17 | 100100c8 00000000 | 00000000 00000000 |  0  00000000
  001eb | 00400100 | 1632fffd 1 0 17 18  0 | 100100c8 00000004 | 100100c8 00000000 |  0  00000000
  001ec | 00400100 | 1632fffd 0 1 17 18  0 | 00000000 00000000 | 100100cc 00000000 |  9  xxxxxxxx
  001ed | 004000f4 | 00000000 0 0  0  0  0 | 100100cc fffffffd | 00000000 00000000 | 17  100100cc
  001ee | 004000f8 | 8e290000 0 0 17  0  9 | 00000000 00000000 | 00000000 10010190 |  0  00000000
  001ef | 004000fc | 22310004 0 0 17  0 17 | 100100cc 00000000 | 00000000 00000000 |  0  00000000
  001f0 | 00400100 | 1632fffd 1 0 17 18  0 | 100100cc 00000004 | 100100cc 00000000 |  0  00000000
  001f1 | 00400100 | 1632fffd 0 1 17 18  0 | 00000000 00000000 | 100100d0 00000000 |  9  xxxxxxxx
  001f2 | 004000f4 | 00000000 0 0  0  0  0 | 100100d0 fffffffd | 00000000 00000000 | 17  100100d0
  001f3 | 004000f8 | 8e290000 0 0 17  0  9 | 00000000 00000000 | 00000000 10010190 |  0  00000000
  001f4 | 004000fc | 22310004 0 0 17  0 17 | 100100d0 00000000 | 00000000 00000000 |  0  00000000
  001f5 | 00400100 | 1632fffd 1 0 17 18  0 | 100100d0 00000004 | 100100d0 00000000 |  0  00000000
  001f6 | 00400100 | 1632fffd 0 1 17 18  0 | 00000000 00000000 | 100100d4 00000000 |  9  xxxxxxxx
  001f7 | 004000f4 | 00000000 0 0  0  0  0 | 100100d4 fffffffd | 00000000 00000000 | 17  100100d4
  001f8 | 004000f8 | 8e290000 0 0 17  0  9 | 00000000 00000000 | 00000000 10010190 |  0  00000000
  001f9 | 004000fc | 22310004 0 0 17  0 17 | 100100d4 00000000 | 00000000 00000000 |  0  00000000
  001fa | 00400100 | 1632fffd 1 0 17 18  0 | 100100d4 00000004 | 100100d4 00000000 |  0  00000000
  001fb | 00400100 | 1632fffd 0 1 17 18  0 | 00000000 00000000 | 100100d8 00000000 |  9  xxxxxxxx
  001fc | 004000f4 | 00000000 0 0  0  0  0 | 100100d8 fffffffd | 00000000 00000000 | 17  100100d8
  001fd | 004000f8 | 8e290000 0 0 17  0  9 | 00000000 00000000 | 00000000 10010190 |  0  00000000
  001fe | 004000fc | 22310004 0 0 17  0 17 | 100100d8 00000000 | 00000000 00000000 |  0  00000000
  001ff | 00400100 | 1632fffd 1 0 17 18  0 | 100100d8 00000004 | 100100d8 00000000 |  0  00000000
  00200 | 00400100 | 1632fffd 0 1 17 18  0 | 00000000 00000000 | 100100dc 00000000 |  9  xxxxxxxx
  00201 | 004000f4 | 00000000 0 0  0  0  0 | 100100dc fffffffd | 00000000 00000000 | 17  100100dc
  00202 | 004000f8 | 8e290000 0 0 17  0  9 | 00000000 00000000 | 00000000 10010190 |  0  00000000
  00203 | 004000fc | 22310004 0 0 17  0 17 | 100100dc 00000000 | 00000000 00000000 |  0  00000000
  00204 | 00400100 | 1632fffd 1 0 17 18  0 | 100100dc 00000004 | 100100dc 00000000 |  0  00000000
  00205 | 00400100 | 1632fffd 0 1 17 18  0 | 00000000 00000000 | 100100e0 00000000 |  9  xxxxxxxx
  00206 | 004000f4 | 00000000 0 0  0  0  0 | 100100e0 fffffffd | 00000000 00000000 | 17  100100e0
  00207 | 004000f8 | 8e290000 0 0 17  0  9 | 00000000 00000000 | 00000000 10010190 |  0  00000000
  00208 | 004000fc | 22310004 0 0 17  0 17 | 100100e0 00000000 | 00000000 00000000 |  0  00000000
  00209 | 00400100 | 1632fffd 1 0 17 18  0 | 100100e0 00000004 | 100100e0 00000000 |  0  00000000
  0020a | 00400100 | 1632fffd 0 1 17 18  0 | 00000000 00000000 | 100100e4 00000000 |  9  xxxxxxxx
  0020b | 004000f4 | 00000000 0 0  0  0  0 | 100100e4 fffffffd | 00000000 00000000 | 17  100100e4
  0020c | 004000f8 | 8e290000 0 0 17  0  9 | 00000000 00000000 | 00000000 10010190 |  0  00000000
  0020d | 004000fc | 22310004 0 0 17  0 17 | 100100e4 00000000 | 00000000 00000000 |  0  00000000
  0020e | 00400100 | 1632fffd 1 0 17 18  0 | 100100e4 00000004 | 100100e4 00000000 |  0  00000000
  0020f | 00400100 | 1632fffd 0 1 17 18  0 | 00000000 00000000 | 100100e8 00000000 |  9  xxxxxxxx
  00210 | 004000f4 | 00000000 0 0  0  0  0 | 100100e8 fffffffd | 00000000 00000000 | 17  100100e8
  00211 | 004000f8 | 8e290000 0 0 17  0  9 | 00000000 00000000 | 00000000 10010190 |  0  00000000
  00212 | 004000fc | 22310004 0 0 17  0 17 | 100100e8 00000000 | 00000000 00000000 |  0  00000000
  00213 | 00400100 | 1632fffd 1 0 17 18  0 | 100100e8 00000004 | 100100e8 00000000 |  0  00000000
  00214 | 00400100 | 1632fffd 0 1 17 18  0 | 00000000 00000000 | 100100ec 00000000 |  9  xxxxxxxx
  00215 | 004000f4 | 00000000 0 0  0  0  0 | 100100ec fffffffd | 00000000 00000000 | 17  100100ec
  00216 | 004000f8 | 8e290000 0 0 17  0  9 | 00000000 00000000 | 00000000 10010190 |  0  00000000
  00217 | 004000fc | 22310004 0 0 17  0 17 | 100100ec 00000000 | 00000000 00000000 |  0  00000000
  00218 | 00400100 | 1632fffd 1 0 17 18  0 | 100100ec 00000004 | 100100ec 00000000 |  0  00000000
  00219 | 00400100 | 1632fffd 0 1 17 18  0 | 00000000 00000000 | 100100f0 00000000 |  9  xxxxxxxx
  0021a | 004000f4 | 00000000 0 0  0  0  0 | 100100f0 fffffffd | 00000000 00000000 | 17  100100f0
  0021b | 004000f8 | 8e290000 0 0 17  0  9 | 00000000 00000000 | 00000000 10010190 |  0  00000000
  0021c | 004000fc | 22310004 0 0 17  0 17 | 100100f0 00000000 | 00000000 00000000 |  0  00000000
  0021d | 00400100 | 1632fffd 1 0 17 18  0 | 100100f0 00000004 | 100100f0 00000000 |  0  00000000
  0021e | 00400100 | 1632fffd 0 1 17 18  0 | 00000000 00000000 | 100100f4 00000000 |  9  xxxxxxxx
  0021f | 004000f4 | 00000000 0 0  0  0  0 | 100100f4 fffffffd | 00000000 00000000 | 17  100100f4
  00220 | 004000f8 | 8e290000 0 0 17  0  9 | 00000000 00000000 | 00000000 10010190 |  0  00000000
  00221 | 004000fc | 22310004 0 0 17  0 17 | 100100f4 00000000 | 00000000 00000000 |  0  00000000
  00222 | 00400100 | 1632fffd 1 0 17 18  0 | 100100f4 00000004 | 100100f4 00000000 |  0  00000000
  00223 | 00400100 | 1632fffd 0 1 17 18  0 | 00000000 00000000 | 100100f8 00000000 |  9  xxxxxxxx
  00224 | 004000f4 | 00000000 0 0  0  0  0 | 100100f8 fffffffd | 00000000 00000000 | 17  100100f8
  00225 | 004000f8 | 8e290000 0 0 17  0  9 | 00000000 00000000 | 00000000 10010190 |  0  00000000
  00226 | 004000fc | 22310004 0 0 17  0 17 | 100100f8 00000000 | 00000000 00000000 |  0  00000000
  00227 | 00400100 | 1632fffd 1 0 17 18  0 | 100100f8 00000004 | 100100f8 00000000 |  0  00000000
  00228 | 00400100 | 1632fffd 0 1 17 18  0 | 00000000 00000000 | 100100fc 00000000 |  9  xxxxxxxx
  00229 | 004000f4 | 00000000 0 0  0  0  0 | 100100fc fffffffd | 00000000 00000000 | 17  100100fc
  0022a | 004000f8 | 8e290000 0 0 17  0  9 | 00000000 00000000 | 00000000 10010190 |  0  00000000
  0022b | 004000fc | 22310004 0 0 17  0 17 | 100100fc 00000000 | 00000000 00000000 |  0  00000000
  0022c | 00400100 | 1632fffd 1 0 17 18  0 | 100100fc 00000004 | 100100fc 00000000 |  0  00000000
  0022d | 00400100 | 1632fffd 0 1 17 18  0 | 00000000 00000000 | 10010100 00000000 |  9  xxxxxxxx
  0022e | 004000f4 | 00000000 0 0  0  0  0 | 10010100 fffffffd | 00000000 00000000 | 17  10010100
  0022f | 004000f8 | 8e290000 0 0 17  0  9 | 00000000 00000000 | 00000000 10010190 |  0  00000000
  00230 | 004000fc | 22310004 0 0 17  0 17 | 10010100 00000000 | 00000000 00000000 |  0  00000000
  00231 | 00400100 | 1632fffd 1 0 17 18  0 | 10010100 00000004 | 10010100 00000000 |  0  00000000
  00232 | 00400100 | 1632fffd 0 1 17 18  0 | 00000000 00000000 | 10010104 00000000 |  9  xxxxxxxx
  00233 | 004000f4 | 00000000 0 0  0  0  0 | 10010104 fffffffd | 00000000 00000000 | 17  10010104
  00234 | 004000f8 | 8e290000 0 0 17  0  9 | 00000000 00000000 | 00000000 10010190 |  0  00000000
  00235 | 004000fc | 22310004 0 0 17  0 17 | 10010104 00000000 | 00000000 00000000 |  0  00000000
  00236 | 00400100 | 1632fffd 1 0 17 18  0 | 10010104 00000004 | 10010104 00000000 |  0  00000000
  00237 | 00400100 | 1632fffd 0 1 17 18  0 | 00000000 00000000 | 10010108 00000000 |  9  xxxxxxxx
  00238 | 004000f4 | 00000000 0 0  0  0  0 | 10010108 fffffffd | 00000000 00000000 | 17  10010108
  00239 | 004000f8 | 8e290000 0 0 17  0  9 | 00000000 00000000 | 00000000 10010190 |  0  00000000
  0023a | 004000fc | 22310004 0 0 17  0 17 | 10010108 00000000 | 00000000 00000000 |  0  00000000
  0023b | 00400100 | 1632fffd 1 0 17 18  0 | 10010108 00000004 | 10010108 00000000 |  0  00000000
  0023c | 00400100 | 1632fffd 0 1 17 18  0 | 00000000 00000000 | 1001010c 00000000 |  9  xxxxxxxx
  0023d | 004000f4 | 00000000 0 0  0  0  0 | 1001010c fffffffd | 00000000 00000000 | 17  1001010c
  0023e | 004000f8 | 8e290000 0 0 17  0  9 | 00000000 00000000 | 00000000 10010190 |  0  00000000
  0023f | 004000fc | 22310004 0 0 17  0 17 | 1001010c 00000000 | 00000000 00000000 |  0  00000000
  00240 | 00400100 | 1632fffd 1 0 17 18  0 | 1001010c 00000004 | 1001010c 00000000 |  0  00000000
  00241 | 00400100 | 1632fffd 0 1 17 18  0 | 00000000 00000000 | 10010110 00000000 |  9  xxxxxxxx
  00242 | 004000f4 | 00000000 0 0  0  0  0 | 10010110 fffffffd | 00000000 00000000 | 17  10010110
  00243 | 004000f8 | 8e290000 0 0 17  0  9 | 00000000 00000000 | 00000000 10010190 |  0  00000000
  00244 | 004000fc | 22310004 0 0 17  0 17 | 10010110 00000000 | 00000000 00000000 |  0  00000000
  00245 | 00400100 | 1632fffd 1 0 17 18  0 | 10010110 00000004 | 10010110 00000000 |  0  00000000
  00246 | 00400100 | 1632fffd 0 1 17 18  0 | 00000000 00000000 | 10010114 00000000 |  9  xxxxxxxx
  00247 | 004000f4 | 00000000 0 0  0  0  0 | 10010114 fffffffd | 00000000 00000000 | 17  10010114
  00248 | 004000f8 | 8e290000 0 0 17  0  9 | 00000000 00000000 | 00000000 10010190 |  0  00000000
  00249 | 004000fc | 22310004 0 0 17  0 17 | 10010114 00000000 | 00000000 00000000 |  0  00000000
  0024a | 00400100 | 1632fffd 1 0 17 18  0 | 10010114 00000004 | 10010114 00000000 |  0  00000000
  0024b | 00400100 | 1632fffd 0 1 17 18  0 | 00000000 00000000 | 10010118 00000000 |  9  xxxxxxxx
  0024c | 004000f4 | 00000000 0 0  0  0  0 | 10010118 fffffffd | 00000000 00000000 | 17  10010118
  0024d | 004000f8 | 8e290000 0 0 17  0  9 | 00000000 00000000 | 00000000 10010190 |  0  00000000
  0024e | 004000fc | 22310004 0 0 17  0 17 | 10010118 00000000 | 00000000 00000000 |  0  00000000
  0024f | 00400100 | 1632fffd 1 0 17 18  0 | 10010118 00000004 | 10010118 00000000 |  0  00000000
  00250 | 00400100 | 1632fffd 0 1 17 18  0 | 00000000 00000000 | 1001011c 00000000 |  9  xxxxxxxx
  00251 | 004000f4 | 00000000 0 0  0  0  0 | 1001011c fffffffd | 00000000 00000000 | 17  1001011c
  00252 | 004000f8 | 8e290000 0 0 17  0  9 | 00000000 00000000 | 00000000 10010190 |  0  00000000
  00253 | 004000fc | 22310004 0 0 17  0 17 | 1001011c 00000000 | 00000000 00000000 |  0  00000000
  00254 | 00400100 | 1632fffd 1 0 17 18  0 | 1001011c 00000004 | 1001011c 00000000 |  0  00000000
  00255 | 00400100 | 1632fffd 0 1 17 18  0 | 00000000 00000000 | 10010120 00000000 |  9  xxxxxxxx
  00256 | 004000f4 | 00000000 0 0  0  0  0 | 10010120 fffffffd | 00000000 00000000 | 17  10010120
  00257 | 004000f8 | 8e290000 0 0 17  0  9 | 00000000 00000000 | 00000000 10010190 |  0  00000000
  00258 | 004000fc | 22310004 0 0 17  0 17 | 10010120 00000000 | 00000000 00000000 |  0  00000000
  00259 | 00400100 | 1632fffd 1 0 17 18  0 | 10010120 00000004 | 10010120 00000000 |  0  00000000
  0025a | 00400100 | 1632fffd 0 1 17 18  0 | 00000000 00000000 | 10010124 00000000 |  9  xxxxxxxx
  0025b | 004000f4 | 00000000 0 0  0  0  0 | 10010124 fffffffd | 00000000 00000000 | 17  10010124
  0025c | 004000f8 | 8e290000 0 0 17  0  9 | 00000000 00000000 | 00000000 10010190 |  0  00000000
  0025d | 004000fc | 22310004 0 0 17  0 17 | 10010124 00000000 | 00000000 00000000 |  0  00000000
  0025e | 00400100 | 1632fffd 1 0 17 18  0 | 10010124 00000004 | 10010124 00000000 |  0  00000000
  0025f | 00400100 | 1632fffd 0 1 17 18  0 | 00000000 00000000 | 10010128 00000000 |  9  xxxxxxxx
  00260 | 004000f4 | 00000000 0 0  0  0  0 | 10010128 fffffffd | 00000000 00000000 | 17  10010128
  00261 | 004000f8 | 8e290000 0 0 17  0  9 | 00000000 00000000 | 00000000 10010190 |  0  00000000
  00262 | 004000fc | 22310004 0 0 17  0 17 | 10010128 00000000 | 00000000 00000000 |  0  00000000
  00263 | 00400100 | 1632fffd 1 0 17 18  0 | 10010128 00000004 | 10010128 00000000 |  0  00000000
  00264 | 00400100 | 1632fffd 0 1 17 18  0 | 00000000 00000000 | 1001012c 00000000 |  9  xxxxxxxx
  00265 | 004000f4 | 00000000 0 0  0  0  0 | 1001012c fffffffd | 00000000 00000000 | 17  1001012c
  00266 | 004000f8 | 8e290000 0 0 17  0  9 | 00000000 00000000 | 00000000 10010190 |  0  00000000
  00267 | 004000fc | 22310004 0 0 17  0 17 | 1001012c 00000000 | 00000000 00000000 |  0  00000000
  00268 | 00400100 | 1632fffd 1 0 17 18  0 | 1001012c 00000004 | 1001012c 00000000 |  0  00000000
  00269 | 00400100 | 1632fffd 0 1 17 18  0 | 00000000 00000000 | 10010130 00000000 |  9  xxxxxxxx
  0026a | 004000f4 | 00000000 0 0  0  0  0 | 10010130 fffffffd | 00000000 00000000 | 17  10010130
  0026b | 004000f8 | 8e290000 0 0 17  0  9 | 00000000 00000000 | 00000000 10010190 |  0  00000000
  0026c | 004000fc | 22310004 0 0 17  0 17 | 10010130 00000000 | 00000000 00000000 |  0  00000000
  0026d | 00400100 | 1632fffd 1 0 17 18  0 | 10010130 00000004 | 10010130 00000000 |  0  00000000
  0026e | 00400100 | 1632fffd 0 1 17 18  0 | 00000000 00000000 | 10010134 00000000 |  9  xxxxxxxx
  0026f | 004000f4 | 00000000 0 0  0  0  0 | 10010134 fffffffd | 00000000 00000000 | 17  10010134
  00270 | 004000f8 | 8e290000 0 0 17  0  9 | 00000000 00000000 | 00000000 10010190 |  0  00000000
  00271 | 004000fc | 22310004 0 0 17  0 17 | 10010134 00000000 | 00000000 00000000 |  0  00000000
  00272 | 00400100 | 1632fffd 1 0 17 18  0 | 10010134 00000004 | 10010134 00000000 |  0  00000000
  00273 | 00400100 | 1632fffd 0 1 17 18  0 | 00000000 00000000 | 10010138 00000000 |  9  xxxxxxxx
  00274 | 004000f4 | 00000000 0 0  0  0  0 | 10010138 fffffffd | 00000000 00000000 | 17  10010138
  00275 | 004000f8 | 8e290000 0 0 17  0  9 | 00000000 00000000 | 00000000 10010190 |  0  00000000
  00276 | 004000fc | 22310004 0 0 17  0 17 | 10010138 00000000 | 00000000 00000000 |  0  00000000
  00277 | 00400100 | 1632fffd 1 0 17 18  0 | 10010138 00000004 | 10010138 00000000 |  0  00000000
  00278 | 00400100 | 1632fffd 0 1 17 18  0 | 00000000 00000000 | 1001013c 00000000 |  9  xxxxxxxx
  00279 | 004000f4 | 00000000 0 0  0  0  0 | 1001013c fffffffd | 00000000 00000000 | 17  1001013c
  0027a | 004000f8 | 8e290000 0 0 17  0  9 | 00000000 00000000 | 00000000 10010190 |  0  00000000
  0027b | 004000fc | 22310004 0 0 17  0 17 | 1001013c 00000000 | 00000000 00000000 |  0  00000000
  0027c | 00400100 | 1632fffd 1 0 17 18  0 | 1001013c 00000004 | 1001013c 00000000 |  0  00000000
  0027d | 00400100 | 1632fffd 0 1 17 18  0 | 00000000 00000000 | 10010140 00000000 |  9  xxxxxxxx
  0027e | 004000f4 | 00000000 0 0  0  0  0 | 10010140 fffffffd | 00000000 00000000 | 17  10010140
  0027f | 004000f8 | 8e290000 0 0 17  0  9 | 00000000 00000000 | 00000000 10010190 |  0  00000000
  00280 | 004000fc | 22310004 0 0 17  0 17 | 10010140 00000000 | 00000000 00000000 |  0  00000000
  00281 | 00400100 | 1632fffd 1 0 17 18  0 | 10010140 00000004 | 10010140 00000000 |  0  00000000
  00282 | 00400100 | 1632fffd 0 1 17 18  0 | 00000000 00000000 | 10010144 00000000 |  9  xxxxxxxx
  00283 | 004000f4 | 00000000 0 0  0  0  0 | 10010144 fffffffd | 00000000 00000000 | 17  10010144
  00284 | 004000f8 | 8e290000 0 0 17  0  9 | 00000000 00000000 | 00000000 10010190 |  0  00000000
  00285 | 004000fc | 22310004 0 0 17  0 17 | 10010144 00000000 | 00000000 00000000 |  0  00000000
  00286 | 00400100 | 1632fffd 1 0 17 18  0 | 10010144 00000004 | 10010144 00000000 |  0  00000000
  00287 | 00400100 | 1632fffd 0 1 17 18  0 | 00000000 00000000 | 10010148 00000000 |  9  xxxxxxxx
  00288 | 004000f4 | 00000000 0 0  0  0  0 | 10010148 fffffffd | 00000000 00000000 | 17  10010148
  00289 | 004000f8 | 8e290000 0 0 17  0  9 | 00000000 00000000 | 00000000 10010190 |  0  00000000
  0028a | 004000fc | 22310004 0 0 17  0 17 | 10010148 00000000 | 00000000 00000000 |  0  00000000
  0028b | 00400100 | 1632fffd 1 0 17 18  0 | 10010148 00000004 | 10010148 00000000 |  0  00000000
  0028c | 00400100 | 1632fffd 0 1 17 18  0 | 00000000 00000000 | 1001014c 00000000 |  9  xxxxxxxx
  0028d | 004000f4 | 00000000 0 0  0  0  0 | 1001014c fffffffd | 00000000 00000000 | 17  1001014c
  0028e | 004000f8 | 8e290000 0 0 17  0  9 | 00000000 00000000 | 00000000 10010190 |  0  00000000
  0028f | 004000fc | 22310004 0 0 17  0 17 | 1001014c 00000000 | 00000000 00000000 |  0  00000000
  00290 | 00400100 | 1632fffd 1 0 17 18  0 | 1001014c 00000004 | 1001014c 00000000 |  0  00000000
  00291 | 00400100 | 1632fffd 0 1 17 18  0 | 00000000 00000000 | 10010150 00000000 |  9  xxxxxxxx
  00292 | 004000f4 | 00000000 0 0  0  0  0 | 10010150 fffffffd | 00000000 00000000 | 17  10010150
  00293 | 004000f8 | 8e290000 0 0 17  0  9 | 00000000 00000000 | 00000000 10010190 |  0  00000000
  00294 | 004000fc | 22310004 0 0 17  0 17 | 10010150 00000000 | 00000000 00000000 |  0  00000000
  00295 | 00400100 | 1632fffd 1 0 17 18  0 | 10010150 00000004 | 10010150 00000000 |  0  00000000
  00296 | 00400100 | 1632fffd 0 1 17 18  0 | 00000000 00000000 | 10010154 00000000 |  9  xxxxxxxx
  00297 | 004000f4 | 00000000 0 0  0  0  0 | 10010154 fffffffd | 00000000 00000000 | 17  10010154
  00298 | 004000f8 | 8e290000 0 0 17  0  9 | 00000000 00000000 | 00000000 10010190 |  0  00000000
  00299 | 004000fc | 22310004 0 0 17  0 17 | 10010154 00000000 | 00000000 00000000 |  0  00000000
  0029a | 00400100 | 1632fffd 1 0 17 18  0 | 10010154 00000004 | 10010154 00000000 |  0  00000000
  0029b | 00400100 | 1632fffd 0 1 17 18  0 | 00000000 00000000 | 10010158 00000000 |  9  xxxxxxxx
  0029c | 004000f4 | 00000000 0 0  0  0  0 | 10010158 fffffffd | 00000000 00000000 | 17  10010158
  0029d | 004000f8 | 8e290000 0 0 17  0  9 | 00000000 00000000 | 00000000 10010190 |  0  00000000
  0029e | 004000fc | 22310004 0 0 17  0 17 | 10010158 00000000 | 00000000 00000000 |  0  00000000
  0029f | 00400100 | 1632fffd 1 0 17 18  0 | 10010158 00000004 | 10010158 00000000 |  0  00000000
  002a0 | 00400100 | 1632fffd 0 1 17 18  0 | 00000000 00000000 | 1001015c 00000000 |  9  xxxxxxxx
  002a1 | 004000f4 | 00000000 0 0  0  0  0 | 1001015c fffffffd | 00000000 00000000 | 17  1001015c
  002a2 | 004000f8 | 8e290000 0 0 17  0  9 | 00000000 00000000 | 00000000 10010190 |  0  00000000
  002a3 | 004000fc | 22310004 0 0 17  0 17 | 1001015c 00000000 | 00000000 00000000 |  0  00000000
  002a4 | 00400100 | 1632fffd 1 0 17 18  0 | 1001015c 00000004 | 1001015c 00000000 |  0  00000000
  002a5 | 00400100 | 1632fffd 0 1 17 18  0 | 00000000 00000000 | 10010160 00000000 |  9  xxxxxxxx
  002a6 | 004000f4 | 00000000 0 0  0  0  0 | 10010160 fffffffd | 00000000 00000000 | 17  10010160
  002a7 | 004000f8 | 8e290000 0 0 17  0  9 | 00000000 00000000 | 00000000 10010190 |  0  00000000
  002a8 | 004000fc | 22310004 0 0 17  0 17 | 10010160 00000000 | 00000000 00000000 |  0  00000000
  002a9 | 00400100 | 1632fffd 1 0 17 18  0 | 10010160 00000004 | 10010160 00000000 |  0  00000000
  002aa | 00400100 | 1632fffd 0 1 17 18  0 | 00000000 00000000 | 10010164 00000000 |  9  xxxxxxxx
  002ab | 004000f4 | 00000000 0 0  0  0  0 | 10010164 fffffffd | 00000000 00000000 | 17  10010164
  002ac | 004000f8 | 8e290000 0 0 17  0  9 | 00000000 00000000 | 00000000 10010190 |  0  00000000
  002ad | 004000fc | 22310004 0 0 17  0 17 | 10010164 00000000 | 00000000 00000000 |  0  00000000
  002ae | 00400100 | 1632fffd 1 0 17 18  0 | 10010164 00000004 | 10010164 00000000 |  0  00000000
  002af | 00400100 | 1632fffd 0 1 17 18  0 | 00000000 00000000 | 10010168 00000000 |  9  xxxxxxxx
  002b0 | 004000f4 | 00000000 0 0  0  0  0 | 10010168 fffffffd | 00000000 00000000 | 17  10010168
  002b1 | 004000f8 | 8e290000 0 0 17  0  9 | 00000000 00000000 | 00000000 10010190 |  0  00000000
  002b2 | 004000fc | 22310004 0 0 17  0 17 | 10010168 00000000 | 00000000 00000000 |  0  00000000
  002b3 | 00400100 | 1632fffd 1 0 17 18  0 | 10010168 00000004 | 10010168 00000000 |  0  00000000
  002b4 | 00400100 | 1632fffd 0 1 17 18  0 | 00000000 00000000 | 1001016c 00000000 |  9  xxxxxxxx
  002b5 | 004000f4 | 00000000 0 0  0  0  0 | 1001016c fffffffd | 00000000 00000000 | 17  1001016c
  002b6 | 004000f8 | 8e290000 0 0 17  0  9 | 00000000 00000000 | 00000000 10010190 |  0  00000000
  002b7 | 004000fc | 22310004 0 0 17  0 17 | 1001016c 00000000 | 00000000 00000000 |  0  00000000
  002b8 | 00400100 | 1632fffd 1 0 17 18  0 | 1001016c 00000004 | 1001016c 00000000 |  0  00000000
  002b9 | 00400100 | 1632fffd 0 1 17 18  0 | 00000000 00000000 | 10010170 00000000 |  9  xxxxxxxx
  002ba | 004000f4 | 00000000 0 0  0  0  0 | 10010170 fffffffd | 00000000 00000000 | 17  10010170
  002bb | 004000f8 | 8e290000 0 0 17  0  9 | 00000000 00000000 | 00000000 10010190 |  0  00000000
  002bc | 004000fc | 22310004 0 0 17  0 17 | 10010170 00000000 | 00000000 00000000 |  0  00000000
  002bd | 00400100 | 1632fffd 1 0 17 18  0 | 10010170 00000004 | 10010170 00000000 |  0  00000000
  002be | 00400100 | 1632fffd 0 1 17 18  0 | 00000000 00000000 | 10010174 00000000 |  9  xxxxxxxx
  002bf | 004000f4 | 00000000 0 0  0  0  0 | 10010174 fffffffd | 00000000 00000000 | 17  10010174
  002c0 | 004000f8 | 8e290000 0 0 17  0  9 | 00000000 00000000 | 00000000 10010190 |  0  00000000
  002c1 | 004000fc | 22310004 0 0 17  0 17 | 10010174 00000000 | 00000000 00000000 |  0  00000000
  002c2 | 00400100 | 1632fffd 1 0 17 18  0 | 10010174 00000004 | 10010174 00000000 |  0  00000000
  002c3 | 00400100 | 1632fffd 0 1 17 18  0 | 00000000 00000000 | 10010178 00000000 |  9  xxxxxxxx
  002c4 | 004000f4 | 00000000 0 0  0  0  0 | 10010178 fffffffd | 00000000 00000000 | 17  10010178
  002c5 | 004000f8 | 8e290000 0 0 17  0  9 | 00000000 00000000 | 00000000 10010190 |  0  00000000
  002c6 | 004000fc | 22310004 0 0 17  0 17 | 10010178 00000000 | 00000000 00000000 |  0  00000000
  002c7 | 00400100 | 1632fffd 1 0 17 18  0 | 10010178 00000004 | 10010178 00000000 |  0  00000000
  002c8 | 00400100 | 1632fffd 0 1 17 18  0 | 00000000 00000000 | 1001017c 00000000 |  9  xxxxxxxx
  002c9 | 004000f4 | 00000000 0 0  0  0  0 | 1001017c fffffffd | 00000000 00000000 | 17  1001017c
  002ca | 004000f8 | 8e290000 0 0 17  0  9 | 00000000 00000000 | 00000000 10010190 |  0  00000000
  002cb | 004000fc | 22310004 0 0 17  0 17 | 1001017c 00000000 | 00000000 00000000 |  0  00000000
  002cc | 00400100 | 1632fffd 1 0 17 18  0 | 1001017c 00000004 | 1001017c 00000000 |  0  00000000
  002cd | 00400100 | 1632fffd 0 1 17 18  0 | 00000000 00000000 | 10010180 00000000 |  9  xxxxxxxx
  002ce | 004000f4 | 00000000 0 0  0  0  0 | 10010180 fffffffd | 00000000 00000000 | 17  10010180
  002cf | 004000f8 | 8e290000 0 0 17  0  9 | 00000000 00000000 | 00000000 10010190 |  0  00000000
  002d0 | 004000fc | 22310004 0 0 17  0 17 | 10010180 00000000 | 00000000 00000000 |  0  00000000
  002d1 | 00400100 | 1632fffd 1 0 17 18  0 | 10010180 00000004 | 10010180 00000000 |  0  00000000
  002d2 | 00400100 | 1632fffd 0 1 17 18  0 | 00000000 00000000 | 10010184 00000000 |  9  xxxxxxxx
  002d3 | 004000f4 | 00000000 0 0  0  0  0 | 10010184 fffffffd | 00000000 00000000 | 17  10010184
  002d4 | 004000f8 | 8e290000 0 0 17  0  9 | 00000000 00000000 | 00000000 10010190 |  0  00000000
  002d5 | 004000fc | 22310004 0 0 17  0 17 | 10010184 00000000 | 00000000 00000000 |  0  00000000
  002d6 | 00400100 | 1632fffd 1 0 17 18  0 | 10010184 00000004 | 10010184 00000000 |  0  00000000
  002d7 | 00400100 | 1632fffd 0 1 17 18  0 | 00000000 00000000 | 10010188 00000000 |  9  xxxxxxxx
  002d8 | 004000f4 | 00000000 0 0  0  0  0 | 10010188 fffffffd | 00000000 00000000 | 17  10010188
  002d9 | 004000f8 | 8e290000 0 0 17  0  9 | 00000000 00000000 | 00000000 10010190 |  0  00000000
  002da | 004000fc | 22310004 0 0 17  0 17 | 10010188 00000000 | 00000000 00000000 |  0  00000000
  002db | 00400100 | 1632fffd 1 0 17 18  0 | 10010188 00000004 | 10010188 00000000 |  0  00000000
  002dc | 00400100 | 1632fffd 0 1 17 18  0 | 00000000 00000000 | 1001018c 00000000 |  9  xxxxxxxx
  002dd | 004000f4 | 00000000 0 0  0  0  0 | 1001018c fffffffd | 00000000 00000000 | 17  1001018c
  002de | 004000f8 | 8e290000 0 0 17  0  9 | 00000000 00000000 | 00000000 10010190 |  0  00000000
  002df | 004000fc | 22310004 0 0 17  0 17 | 1001018c 00000000 | 00000000 00000000 |  0  00000000
  002e0 | 00400100 | 1632fffd 1 0 17 18  0 | 1001018c 00000004 | 1001018c 00000000 |  0  00000000
  002e1 | 00400100 | 1632fffd 0 1 17 18  0 | 00000000 00000000 | 10010190 00000000 |  9  xxxxxxxx
  002e2 | 00400104 | ae690000 0 0 19  9  0 | 10010190 fffffffd | 00000000 00000000 | 17  10010190
  002e3 | 00400108 | 00000000 0 0  0  0  0 | 10018000 00000000 | 00000000 10010190 |  0  00000000
  002e4 | 0040010c | 2402000a 0 0  0  0  2 | 00000000 00000000 | 10018000 xxxxxxxx |  0  00000000
  002e5 | 00400110 | 0000000c 0 0  0  0  0 | 00000000 0000000a | 00000000 00000000 |  0  10018000
  002e6 | 00400114 | 00000000 0 0  0  0  0 | 00000000 00000000 | 0000000a 00000000 |  0  00000000
  002e7 | 00400118 | 00000000 0 0  0  0  0 | 00000000 00000000 | 00000000 00000000 |  2  0000000a
  002e8 | 0040011c | 00000000 0 0  0  0  0 | 00000000 00000000 | 00000000 00000000 |  0  00000000
  ram[ 0]=00000001
  ram[ 1]=00000002
  ram[ 2]=00000003
  ram[ 3]=00000004
  ram[ 4]=xxxxxxxx
  ram[ 5]=xxxxxxxx
  ram[ 6]=xxxxxxxx
  ram[ 7]=xxxxxxxx
  ram[ 8]=xxxxxxxx
  ram[ 9]=xxxxxxxx
  ram[10]=xxxxxxxx
  ram[11]=xxxxxxxx
  ram[12]=xxxxxxxx
  ram[13]=xxxxxxxx
  ram[14]=xxxxxxxx
  ram[15]=xxxxxxxx
  ram[16]=xxxxxxxx
  ram[17]=xxxxxxxx
  ram[18]=xxxxxxxx
  ram[19]=xxxxxxxx
  ram[20]=xxxxxxxx
  ram[21]=xxxxxxxx
  ram[22]=xxxxxxxx
  ram[23]=xxxxxxxx
  ram[24]=xxxxxxxx
  ram[25]=xxxxxxxx
  ram[26]=xxxxxxxx
  ram[27]=xxxxxxxx
  ram[28]=xxxxxxxx
  ram[29]=xxxxxxxx
  ram[30]=xxxxxxxx
  ram[31]=xxxxxxxx
  ram[32]=xxxxxxxx
  ram[33]=xxxxxxxx
  ram[34]=xxxxxxxx
  ram[35]=xxxxxxxx
  ram[36]=xxxxxxxx
  ram[37]=xxxxxxxx
  ram[38]=xxxxxxxx
  ram[39]=xxxxxxxx
  ram[40]=xxxxxxxx
  ram[41]=xxxxxxxx
  ram[42]=xxxxxxxx
  ram[43]=xxxxxxxx
  ram[44]=xxxxxxxx
  ram[45]=xxxxxxxx
  ram[46]=xxxxxxxx
  ram[47]=xxxxxxxx
  ram[48]=xxxxxxxx
  ram[49]=xxxxxxxx
  ram[50]=xxxxxxxx
  ram[51]=xxxxxxxx
  ram[52]=xxxxxxxx
  ram[53]=xxxxxxxx
  ram[54]=xxxxxxxx
  ram[55]=xxxxxxxx
  ram[56]=xxxxxxxx
  ram[57]=xxxxxxxx
  ram[58]=xxxxxxxx
  ram[59]=xxxxxxxx
  ram[60]=xxxxxxxx
  ram[61]=xxxxxxxx
  ram[62]=xxxxxxxx
  ram[63]=xxxxxxxx
  ram[64]=xxxxxxxx
  ram[65]=xxxxxxxx
  ram[66]=xxxxxxxx
  ram[67]=xxxxxxxx
  ram[68]=xxxxxxxx
  ram[69]=xxxxxxxx
  ram[70]=xxxxxxxx
  ram[71]=xxxxxxxx
  ram[72]=xxxxxxxx
  ram[73]=xxxxxxxx
  ram[74]=xxxxxxxx
  ram[75]=xxxxxxxx
  ram[76]=xxxxxxxx
  ram[77]=xxxxxxxx
  ram[78]=xxxxxxxx
  ram[79]=xxxxxxxx
  ram[80]=xxxxxxxx
  ram[81]=xxxxxxxx
  ram[82]=xxxxxxxx
  ram[83]=xxxxxxxx
  ram[84]=xxxxxxxx
  ram[85]=xxxxxxxx
  ram[86]=xxxxxxxx
  ram[87]=xxxxxxxx
  ram[88]=xxxxxxxx
  ram[89]=xxxxxxxx
  ram[90]=xxxxxxxx
  ram[91]=xxxxxxxx
  ram[92]=xxxxxxxx
  ram[93]=xxxxxxxx
  ram[94]=xxxxxxxx
  ram[95]=xxxxxxxx
  ram[96]=xxxxxxxx
  ram[97]=xxxxxxxx
  ram[98]=xxxxxxxx
  ram[99]=xxxxxxxx
  cycle =     744
