VCD info: dumpfile mips.vcd opened for output.
  cycle |  pc      |  inst    d f ra rb rd |  alu_a    alu_b   |  alu_q    ram_din | dst  reg_din
  xxxxx | xxxxxxxx | xxxxxxxx x x  x  x  x | xxxxxxxx xxxxxxxx | 00000000 xxxxxxxx |  x  xxxxxxxx
  xxxxx | 00400000 | 00000000 0 0  0  0  0 | xxxxxxxx xxxxxxxx | 00000000 xxxxxxxx |  x  xxxxxxxx
  00000 | 00400000 | 00000000 0 0  0  0  0 | 00000000 00000000 | 00000000 xxxxxxxx |  0  00000000
  00000 | 00400000 | 00000000 0 0  0  0  0 | 00000000 00000000 | 00000000 00000000 |  0  00000000
  00001 | 00400004 | 3c011001 0 0  0  0  1 | 00000000 00000000 | 00000000 00000000 |  0  00000000
  00002 | 00400008 | 34300000 0 1  1  0 16 | 00000000 00001001 | 00000000 00000000 |  0  00000000
  00003 | 0040000c | 24040004 0 0  0  0  4 | 10010000 00000000 | 10010000 00000000 |  0  00000000
  00004 | 00400010 | ae040000 0 1 16  4  0 | 00000000 00000004 | 10010000 00000000 |  1  10010000
  00005 | 00400014 | 24040002 0 0  0  0  4 | 10010000 00000000 | 00000004 00000000 | 16  10010000
  00006 | 00400018 | ae040004 0 1 16  4  0 | 00000000 00000002 | 10010000 00000004 |  4  00000004
  00007 | 0040001c | 24040003 0 0  0  0  4 | 10010000 00000004 | 00000002 00000000 |  0  10010000
  00008 | 00400020 | ae040008 0 1 16  4  0 | 00000000 00000003 | 10010004 00000002 |  4  00000002
  00009 | 00400024 | 24040001 0 0  0  0  4 | 10010000 00000008 | 00000003 00000000 |  0  10010004
  0000a | 00400028 | ae04000c 0 1 16  4  0 | 00000000 00000001 | 10010008 00000003 |  4  00000003
  0000b | 0040002c | 24020001 0 0  0  0  2 | 10010000 0000000c | 00000001 00000000 |  0  10010008
  0000c | 00400030 | 0000000c 0 0  0  0  0 | 00000000 00000001 | 1001000c 00000001 |  4  00000001
  0000d | 00400034 | 00108820 0 0  0 16 17 | 00000000 00000000 | 00000001 00000000 |  0  1001000c
  0000e | 00400038 | 200a0000 0 0  0  0 10 | 00000000 10010000 | 00000000 00000000 |  2  00000001
  0000f | 0040003c | 200b0000 0 0  0  0 11 | 00000000 00000000 | 10010000 10010000 |  0  00000000
  00010 | 00400040 | 8e280000 0 0 17  0  8 | 00000000 00000000 | 00000000 00000000 | 17  10010000
  00011 | 00400044 | 8e290004 0 0 17  0  9 | 10010000 00000000 | 00000000 00000000 | 10  00000000
  00012 | 00400048 | 0109602a 1 0  8  9 12 | 10010000 00000004 | 10010000 00000000 | 11  00000000
  00013 | 00400048 | 0109602a 0 1  8  9 12 | 00000000 00000000 | 10010004 00000000 |  8  00000004
  00014 | 0040004c | 15800003 1 0 12  0  0 | 00000004 00000002 | 00000000 00000000 |  9  00000002
  00015 | 0040004c | 15800003 0 1 12  0  0 | 00000000 00000000 | 00000000 00000002 |  0  00000000
  00016 | 00400050 | 216b0001 0 0 11  0 11 | 00000000 00000003 | 00000000 00000000 | 12  00000000
  00017 | 00400054 | ae280004 0 0 17  8  0 | 00000000 00000001 | 00000000 00000000 |  0  00000000
  00018 | 00400058 | ae290000 0 0 17  9  0 | 10010000 00000004 | 00000001 00000000 |  0  00000000
  00019 | 0040005c | 22310004 0 0 17  0 17 | 10010000 00000000 | 10010004 00000004 | 11  00000001
  0001a | 00400060 | 200c0003 0 0  0  0 12 | 10010000 00000004 | 10010000 00000002 |  0  10010004
  0001b | 00400064 | 018a6022 0 1 12 10 12 | 00000000 00000003 | 10010004 00000000 |  0  10010000
  0001c | 00400068 | 116c0003 1 0 11 12  0 | 00000003 00000000 | 00000003 00000000 | 17  10010004
  0001d | 00400068 | 116c0003 0 1 11 12  0 | 00000000 00000000 | 00000003 00000000 | 12  00000003
  0001e | 0040006c | 00000000 0 0  0  0  0 | 00000001 00000003 | 00000000 00000000 | 12  00000003
  0001f | 00400070 | 08100010 0 0  0  0  0 | 00000000 00000000 | 00000000 00000003 |  0  00000000
  00020 | 00400040 | 8e280000 0 0 17  0  8 | 00000000 00000010 | 00000000 00000000 |  0  00000000
  00021 | 00400044 | 8e290004 0 0 17  0  9 | 10010004 00000000 | 00000000 00000000 |  0  00000000
  00022 | 00400048 | 0109602a 1 0  8  9 12 | 10010004 00000004 | 10010004 00000000 |  0  00000000
  00023 | 00400048 | 0109602a 0 1  8  9 12 | 00000000 00000000 | 10010008 00000000 |  8  00000004
  00024 | 0040004c | 15800003 1 0 12  0  0 | 00000004 00000003 | 00000000 00000000 |  9  00000003
  00025 | 0040004c | 15800003 0 1 12  0  0 | 00000000 00000000 | 00000000 00000003 |  0  00000000
  00026 | 00400050 | 216b0001 0 0 11  0 11 | 00000000 00000003 | 00000000 00000000 | 12  00000000
  00027 | 00400054 | ae280004 0 0 17  8  0 | 00000001 00000001 | 00000000 00000000 |  0  00000000
  00028 | 00400058 | ae290000 0 0 17  9  0 | 10010004 00000004 | 00000002 00000000 |  0  00000000
  00029 | 0040005c | 22310004 0 0 17  0 17 | 10010004 00000000 | 10010008 00000004 | 11  00000002
  0002a | 00400060 | 200c0003 0 0  0  0 12 | 10010004 00000004 | 10010004 00000003 |  0  10010008
  0002b | 00400064 | 018a6022 0 1 12 10 12 | 00000000 00000003 | 10010008 00000000 |  0  10010004
  0002c | 00400068 | 116c0003 1 0 11 12  0 | 00000003 00000000 | 00000003 00000000 | 17  10010008
  0002d | 00400068 | 116c0003 0 1 11 12  0 | 00000000 00000000 | 00000003 00000000 | 12  00000003
  0002e | 0040006c | 00000000 0 0  0  0  0 | 00000002 00000003 | 00000000 00000000 | 12  00000003
  0002f | 00400070 | 08100010 0 0  0  0  0 | 00000000 00000000 | 00000000 00000003 |  0  00000000
  00030 | 00400040 | 8e280000 0 0 17  0  8 | 00000000 00000010 | 00000000 00000000 |  0  00000000
  00031 | 00400044 | 8e290004 0 0 17  0  9 | 10010008 00000000 | 00000000 00000000 |  0  00000000
  00032 | 00400048 | 0109602a 1 0  8  9 12 | 10010008 00000004 | 10010008 00000000 |  0  00000000
  00033 | 00400048 | 0109602a 0 1  8  9 12 | 00000000 00000000 | 1001000c 00000000 |  8  00000004
  00034 | 0040004c | 15800003 1 0 12  0  0 | 00000004 00000001 | 00000000 00000000 |  9  00000001
  00035 | 0040004c | 15800003 0 1 12  0  0 | 00000000 00000000 | 00000000 00000001 |  0  00000000
  00036 | 00400050 | 216b0001 0 0 11  0 11 | 00000000 00000003 | 00000000 00000000 | 12  00000000
  00037 | 00400054 | ae280004 0 0 17  8  0 | 00000002 00000001 | 00000000 00000000 |  0  00000000
  00038 | 00400058 | ae290000 0 0 17  9  0 | 10010008 00000004 | 00000003 00000000 |  0  00000000
  00039 | 0040005c | 22310004 0 0 17  0 17 | 10010008 00000000 | 1001000c 00000004 | 11  00000003
  0003a | 00400060 | 200c0003 0 0  0  0 12 | 10010008 00000004 | 10010008 00000001 |  0  1001000c
  0003b | 00400064 | 018a6022 0 1 12 10 12 | 00000000 00000003 | 1001000c 00000000 |  0  10010008
  0003c | 00400068 | 116c0003 1 0 11 12  0 | 00000003 00000000 | 00000003 00000000 | 17  1001000c
  0003d | 00400068 | 116c0003 0 1 11 12  0 | 00000000 00000000 | 00000003 00000000 | 12  00000003
  0003e | 00400074 | 00000000 0 0  0  0  0 | 00000003 00000003 | 00000000 00000000 | 12  00000003
  0003f | 00400078 | 200b0000 0 0  0  0 11 | 00000000 00000000 | 00000000 00000003 |  0  00000000
  00040 | 0040007c | 214a0001 0 0 10  0 10 | 00000000 00000000 | 00000000 00000000 |  0  00000000
  00041 | 00400080 | 00108820 0 0  0 16 17 | 00000000 00000001 | 00000000 00000000 |  0  00000000
  00042 | 00400084 | 200c0003 0 0  0  0 12 | 00000000 10010000 | 00000001 00000000 | 11  00000000
  00043 | 00400088 | 154cffee 1 0 10 12  0 | 00000000 00000003 | 10010000 10010000 | 10  00000001
  00044 | 00400088 | 154cffee 0 1 10 12  0 | 00000000 00000000 | 00000003 00000000 | 17  10010000
  00045 | 00400040 | 8e280000 0 0 17  0  8 | 00000001 ffffffee | 00000000 00000000 | 12  00000003
  00046 | 00400044 | 8e290004 0 0 17  0  9 | 10010000 00000000 | 00000000 00000003 |  0  00000000
  00047 | 00400048 | 0109602a 1 0  8  9 12 | 10010000 00000004 | 10010000 00000000 |  0  00000000
  00048 | 00400048 | 0109602a 0 1  8  9 12 | 00000000 00000000 | 10010004 00000000 |  8  00000002
  00049 | 0040004c | 15800003 1 0 12  0  0 | 00000002 00000003 | 00000000 00000000 |  9  00000003
  0004a | 0040004c | 15800003 0 1 12  0  0 | 00000000 00000000 | 00000001 00000003 |  0  00000000
  0004b | 00400058 | 216b0001 0 0 11  0 11 | 00000001 00000003 | 00000000 00000000 | 12  00000001
  0004c | 0040005c | 22310004 0 0 17  0 17 | 00000000 00000001 | 00000000 00000000 |  0  00000000
  0004d | 00400060 | 200c0003 0 0  0  0 12 | 10010000 00000004 | 00000001 00000000 |  0  00000000
  0004e | 00400064 | 018a6022 0 1 12 10 12 | 00000000 00000003 | 10010004 00000000 | 11  00000001
  0004f | 00400068 | 116c0003 1 0 11 12  0 | 00000003 00000001 | 00000003 00000000 | 17  10010004
  00050 | 00400068 | 116c0003 0 1 11 12  0 | 00000000 00000000 | 00000002 00000001 | 12  00000003
  00051 | 0040006c | 00000000 0 0  0  0  0 | 00000001 00000003 | 00000000 00000000 | 12  00000002
  00052 | 00400070 | 08100010 0 0  0  0  0 | 00000000 00000000 | 00000000 00000002 |  0  00000000
  00053 | 00400040 | 8e280000 0 0 17  0  8 | 00000000 00000010 | 00000000 00000000 |  0  00000000
  00054 | 00400044 | 8e290004 0 0 17  0  9 | 10010004 00000000 | 00000000 00000000 |  0  00000000
  00055 | 00400048 | 0109602a 1 0  8  9 12 | 10010004 00000004 | 10010004 00000000 |  0  00000000
  00056 | 00400048 | 0109602a 0 1  8  9 12 | 00000000 00000000 | 10010008 00000000 |  8  00000003
  00057 | 0040004c | 15800003 1 0 12  0  0 | 00000003 00000001 | 00000000 00000000 |  9  00000001
  00058 | 0040004c | 15800003 0 1 12  0  0 | 00000000 00000000 | 00000000 00000001 |  0  00000000
  00059 | 00400050 | 216b0001 0 0 11  0 11 | 00000000 00000003 | 00000000 00000000 | 12  00000000
  0005a | 00400054 | ae280004 0 0 17  8  0 | 00000001 00000001 | 00000000 00000000 |  0  00000000
  0005b | 00400058 | ae290000 0 0 17  9  0 | 10010004 00000004 | 00000002 00000000 |  0  00000000
  0005c | 0040005c | 22310004 0 0 17  0 17 | 10010004 00000000 | 10010008 00000003 | 11  00000002
  0005d | 00400060 | 200c0003 0 0  0  0 12 | 10010004 00000004 | 10010004 00000001 |  0  10010008
  0005e | 00400064 | 018a6022 0 1 12 10 12 | 00000000 00000003 | 10010008 00000000 |  0  10010004
  0005f | 00400068 | 116c0003 1 0 11 12  0 | 00000003 00000001 | 00000003 00000000 | 17  10010008
  00060 | 00400068 | 116c0003 0 1 11 12  0 | 00000000 00000000 | 00000002 00000001 | 12  00000003
  00061 | 00400074 | 00000000 0 0  0  0  0 | 00000002 00000003 | 00000000 00000000 | 12  00000002
  00062 | 00400078 | 200b0000 0 0  0  0 11 | 00000000 00000000 | 00000000 00000002 |  0  00000000
  00063 | 0040007c | 214a0001 0 0 10  0 10 | 00000000 00000000 | 00000000 00000000 |  0  00000000
  00064 | 00400080 | 00108820 0 0  0 16 17 | 00000001 00000001 | 00000000 00000000 |  0  00000000
  00065 | 00400084 | 200c0003 0 0  0  0 12 | 00000000 10010000 | 00000002 00000000 | 11  00000000
  00066 | 00400088 | 154cffee 1 0 10 12  0 | 00000000 00000003 | 10010000 10010000 | 10  00000002
  00067 | 00400088 | 154cffee 0 1 10 12  0 | 00000000 00000000 | 00000003 00000000 | 17  10010000
  00068 | 00400040 | 8e280000 0 0 17  0  8 | 00000002 ffffffee | 00000000 00000000 | 12  00000003
  00069 | 00400044 | 8e290004 0 0 17  0  9 | 10010000 00000000 | 00000000 00000003 |  0  00000000
  0006a | 00400048 | 0109602a 1 0  8  9 12 | 10010000 00000004 | 10010000 00000000 |  0  00000000
  0006b | 00400048 | 0109602a 0 1  8  9 12 | 00000000 00000000 | 10010004 00000000 |  8  00000002
  0006c | 0040004c | 15800003 1 0 12  0  0 | 00000002 00000001 | 00000000 00000000 |  9  00000001
  0006d | 0040004c | 15800003 0 1 12  0  0 | 00000000 00000000 | 00000000 00000001 |  0  00000000
  0006e | 00400050 | 216b0001 0 0 11  0 11 | 00000000 00000003 | 00000000 00000000 | 12  00000000
  0006f | 00400054 | ae280004 0 0 17  8  0 | 00000000 00000001 | 00000000 00000000 |  0  00000000
  00070 | 00400058 | ae290000 0 0 17  9  0 | 10010000 00000004 | 00000001 00000000 |  0  00000000
  00071 | 0040005c | 22310004 0 0 17  0 17 | 10010000 00000000 | 10010004 00000002 | 11  00000001
  00072 | 00400060 | 200c0003 0 0  0  0 12 | 10010000 00000004 | 10010000 00000001 |  0  10010004
  00073 | 00400064 | 018a6022 0 1 12 10 12 | 00000000 00000003 | 10010004 00000000 |  0  10010000
  00074 | 00400068 | 116c0003 1 0 11 12  0 | 00000003 00000002 | 00000003 00000000 | 17  10010004
  00075 | 00400068 | 116c0003 0 1 11 12  0 | 00000000 00000000 | 00000001 00000002 | 12  00000003
  00076 | 00400074 | 00000000 0 0  0  0  0 | 00000001 00000003 | 00000000 00000000 | 12  00000001
  00077 | 00400078 | 200b0000 0 0  0  0 11 | 00000000 00000000 | 00000000 00000001 |  0  00000000
  00078 | 0040007c | 214a0001 0 0 10  0 10 | 00000000 00000000 | 00000000 00000000 |  0  00000000
  00079 | 00400080 | 00108820 0 0  0 16 17 | 00000002 00000001 | 00000000 00000000 |  0  00000000
  0007a | 00400084 | 200c0003 0 0  0  0 12 | 00000000 10010000 | 00000003 00000000 | 11  00000000
  0007b | 00400088 | 154cffee 1 0 10 12  0 | 00000000 00000003 | 10010000 10010000 | 10  00000003
  0007c | 00400088 | 154cffee 0 1 10 12  0 | 00000000 00000000 | 00000003 00000000 | 17  10010000
  0007d | 0040008c | 8e280000 0 0 17  0  8 | 00000003 ffffffee | 00000000 00000000 | 12  00000003
  0007e | 00400090 | 24020001 0 0  0  0  2 | 10010000 00000000 | 00000000 00000003 |  0  00000000
  0007f | 00400094 | 0000000c 0 0  0  0  0 | 00000000 00000001 | 10010000 00000000 |  0  00000000
  00080 | 00400098 | 240d0064 0 0  0  0 13 | 00000000 00000000 | 00000001 00000000 |  8  00000001
  00081 | 0040009c | 3c011001 0 0  0  0  1 | 00000000 00000064 | 00000000 00000000 |  2  00000001
  00082 | 004000a0 | 34338000 0 1  1  0 19 | 00000000 00001001 | 00000064 00000000 |  0  00000000
  00083 | 004000a4 | 3c011001 0 0  0  0  1 | 10010000 00008000 | 10010000 00000000 | 13  00000064
  00084 | 004000a8 | 34310000 0 1  1  0 17 | 00000000 00001001 | 10018000 00000000 |  1  10010000
  00085 | 004000ac | ae6d000c 0 0 19 13  0 | 10010000 00000000 | 10010000 00000000 | 19  10018000
  00086 | 004000b0 | 3c011001 0 0  0  0  1 | 10018000 0000000c | 10010000 00000000 |  1  10010000
  00087 | 004000b4 | 34320190 0 1  1  0 18 | 00000000 00001001 | 1001800c 00000064 | 17  10010000
  00088 | 004000b8 | 24020001 0 0  0  0  2 | 10010000 00000190 | 10010000 00000000 |  0  1001800c
  00089 | 004000bc | 0000000c 0 0  0  0  0 | 00000000 00000001 | 10010190 00000000 |  1  10010000
  0008a | 004000c0 | 20080065 0 0  0  0  8 | 00000000 00000000 | 00000001 00000000 | 18  10010190
  0008b | 004000c4 | 2108ffff 0 1  8  0  8 | 00000000 00000065 | 00000000 00000000 |  2  00000001
  0008c | 004000c8 | 11000009 1 0  8  0  0 | 00000065 ffffffff | 00000065 00000000 |  0  00000000
  0008d | 004000c8 | 11000009 0 1  8  0  0 | 00000000 00000000 | 00000064 00000000 |  8  00000065
  0008e | 004000cc | 00000000 0 0  0  0  0 | 00000064 00000009 | 00000000 00000000 |  8  00000064
  0008f | 004000d0 | 8e290000 0 0 17  0  9 | 00000000 00000000 | 00000000 00000000 |  0  00000000
  00090 | 004000d4 | 00000000 0 0  0  0  0 | 10010000 00000000 | 00000000 00000000 |  0  00000000
  00091 | 004000d8 | 1109fffa 1 0  8  9  0 | 00000000 00000000 | 10010000 00000000 |  0  00000000
  00092 | 004000d8 | 1109fffa 0 0  8  9  0 | 00000000 00000000 | 00000000 00000000 |  9  00000001
  00093 | 004000dc | 22310004 0 0 17  0 17 | 00000064 fffffffa | 00000000 00000000 |  0  00000000
  00094 | 004000e0 | 200d012c 0 0  0  0 13 | 10010000 00000004 | 00000000 00000001 |  0  00000000
  00095 | 004000e4 | ae6d000c 0 1 19 13  0 | 00000000 0000012c | 10010004 00000000 |  0  00000000
  00096 | 004000e8 | 0810003d 0 0  0  0  0 | 10018000 0000000c | 0000012c 00000000 | 17  10010004
  00097 | 004000f4 | 00000000 0 0  0  0  0 | 00000000 0000003d | 1001800c 0000012c | 13  0000012c
  00098 | 004000f8 | 24020001 0 0  0  0  2 | 00000000 00000000 | 00000000 00000000 |  0  1001800c
  00099 | 004000fc | 0000000c 0 0  0  0  0 | 00000000 00000001 | 00000000 00000000 |  0  00000000
  0009a | 00400100 | 3c011001 0 0  0  0  1 | 00000000 00000000 | 00000001 00000000 |  0  00000000
  0009b | 00400104 | 34310000 0 1  1  0 17 | 00000000 00001001 | 00000000 00000000 |  2  00000001
  0009c | 00400108 | 8e290000 0 1 17  0  9 | 10010000 00000000 | 10010000 00000000 |  0  00000000
  0009d | 0040010c | 22310004 0 1 17  0 17 | 10010000 00000000 | 10010000 00000000 |  1  10010000
  0009e | 00400110 | 1632fffd 1 0 17 18  0 | 10010000 00000004 | 10010000 00000000 | 17  10010000
  0009f | 00400110 | 1632fffd 0 1 17 18  0 | 00000000 00000000 | 10010004 00000000 |  9  00000001
  000a0 | 00400104 | ae690000 0 0 19  9  0 | 10010004 fffffffd | 00000000 00000000 | 17  10010004
  000a1 | 00400108 | 8e290000 0 0 17  0  9 | 10018000 00000000 | 00000000 10010190 |  0  00000000
  000a2 | 0040010c | 22310004 0 0 17  0 17 | 10010004 00000000 | 10018000 00000001 |  0  00000000
  000a3 | 00400110 | 1632fffd 1 0 17 18  0 | 10010004 00000004 | 10010004 00000000 |  0  10018000
  000a4 | 00400110 | 1632fffd 0 1 17 18  0 | 00000000 00000000 | 10010008 00000000 |  9  00000002
  000a5 | 00400104 | ae690000 0 0 19  9  0 | 10010008 fffffffd | 00000000 00000000 | 17  10010008
  000a6 | 00400108 | 8e290000 0 0 17  0  9 | 10018000 00000000 | 00000000 10010190 |  0  00000000
  000a7 | 0040010c | 22310004 0 0 17  0 17 | 10010008 00000000 | 10018000 00000002 |  0  00000000
  000a8 | 00400110 | 1632fffd 1 0 17 18  0 | 10010008 00000004 | 10010008 00000000 |  0  10018000
  000a9 | 00400110 | 1632fffd 0 1 17 18  0 | 00000000 00000000 | 1001000c 00000000 |  9  00000003
  000aa | 00400104 | ae690000 0 0 19  9  0 | 1001000c fffffffd | 00000000 00000000 | 17  1001000c
  000ab | 00400108 | 8e290000 0 0 17  0  9 | 10018000 00000000 | 00000000 10010190 |  0  00000000
  000ac | 0040010c | 22310004 0 0 17  0 17 | 1001000c 00000000 | 10018000 00000003 |  0  00000000
  000ad | 00400110 | 1632fffd 1 0 17 18  0 | 1001000c 00000004 | 1001000c 00000000 |  0  10018000
  000ae | 00400110 | 1632fffd 0 1 17 18  0 | 00000000 00000000 | 10010010 00000000 |  9  00000004
  000af | 00400104 | ae690000 0 0 19  9  0 | 10010010 fffffffd | 00000000 00000000 | 17  10010010
  000b0 | 00400108 | 8e290000 0 0 17  0  9 | 10018000 00000000 | 00000000 10010190 |  0  00000000
  000b1 | 0040010c | 22310004 0 0 17  0 17 | 10010010 00000000 | 10018000 00000004 |  0  00000000
  000b2 | 00400110 | 1632fffd 1 0 17 18  0 | 10010010 00000004 | 10010010 00000000 |  0  10018000
  000b3 | 00400110 | 1632fffd 0 1 17 18  0 | 00000000 00000000 | 10010014 00000000 |  9  xxxxxxxx
  000b4 | 00400104 | ae690000 0 0 19  9  0 | 10010014 fffffffd | 00000000 00000000 | 17  10010014
  000b5 | 00400108 | 8e290000 0 0 17  0  9 | 10018000 00000000 | 00000000 10010190 |  0  00000000
  000b6 | 0040010c | 22310004 0 0 17  0 17 | 10010014 00000000 | 10018000 xxxxxxxx |  0  00000000
  000b7 | 00400110 | 1632fffd 1 0 17 18  0 | 10010014 00000004 | 10010014 00000000 |  0  10018000
  000b8 | 00400110 | 1632fffd 0 1 17 18  0 | 00000000 00000000 | 10010018 00000000 |  9  xxxxxxxx
  000b9 | 00400104 | ae690000 0 0 19  9  0 | 10010018 fffffffd | 00000000 00000000 | 17  10010018
  000ba | 00400108 | 8e290000 0 0 17  0  9 | 10018000 00000000 | 00000000 10010190 |  0  00000000
  000bb | 0040010c | 22310004 0 0 17  0 17 | 10010018 00000000 | 10018000 xxxxxxxx |  0  00000000
  000bc | 00400110 | 1632fffd 1 0 17 18  0 | 10010018 00000004 | 10010018 00000000 |  0  10018000
  000bd | 00400110 | 1632fffd 0 1 17 18  0 | 00000000 00000000 | 1001001c 00000000 |  9  xxxxxxxx
  000be | 00400104 | ae690000 0 0 19  9  0 | 1001001c fffffffd | 00000000 00000000 | 17  1001001c
  000bf | 00400108 | 8e290000 0 0 17  0  9 | 10018000 00000000 | 00000000 10010190 |  0  00000000
  000c0 | 0040010c | 22310004 0 0 17  0 17 | 1001001c 00000000 | 10018000 xxxxxxxx |  0  00000000
  000c1 | 00400110 | 1632fffd 1 0 17 18  0 | 1001001c 00000004 | 1001001c 00000000 |  0  10018000
  000c2 | 00400110 | 1632fffd 0 1 17 18  0 | 00000000 00000000 | 10010020 00000000 |  9  xxxxxxxx
  000c3 | 00400104 | ae690000 0 0 19  9  0 | 10010020 fffffffd | 00000000 00000000 | 17  10010020
  000c4 | 00400108 | 8e290000 0 0 17  0  9 | 10018000 00000000 | 00000000 10010190 |  0  00000000
  000c5 | 0040010c | 22310004 0 0 17  0 17 | 10010020 00000000 | 10018000 xxxxxxxx |  0  00000000
  000c6 | 00400110 | 1632fffd 1 0 17 18  0 | 10010020 00000004 | 10010020 00000000 |  0  10018000
  000c7 | 00400110 | 1632fffd 0 1 17 18  0 | 00000000 00000000 | 10010024 00000000 |  9  xxxxxxxx
  000c8 | 00400104 | ae690000 0 0 19  9  0 | 10010024 fffffffd | 00000000 00000000 | 17  10010024
  000c9 | 00400108 | 8e290000 0 0 17  0  9 | 10018000 00000000 | 00000000 10010190 |  0  00000000
  000ca | 0040010c | 22310004 0 0 17  0 17 | 10010024 00000000 | 10018000 xxxxxxxx |  0  00000000
  000cb | 00400110 | 1632fffd 1 0 17 18  0 | 10010024 00000004 | 10010024 00000000 |  0  10018000
  000cc | 00400110 | 1632fffd 0 1 17 18  0 | 00000000 00000000 | 10010028 00000000 |  9  xxxxxxxx
  000cd | 00400104 | ae690000 0 0 19  9  0 | 10010028 fffffffd | 00000000 00000000 | 17  10010028
  000ce | 00400108 | 8e290000 0 0 17  0  9 | 10018000 00000000 | 00000000 10010190 |  0  00000000
  000cf | 0040010c | 22310004 0 0 17  0 17 | 10010028 00000000 | 10018000 xxxxxxxx |  0  00000000
  000d0 | 00400110 | 1632fffd 1 0 17 18  0 | 10010028 00000004 | 10010028 00000000 |  0  10018000
  000d1 | 00400110 | 1632fffd 0 1 17 18  0 | 00000000 00000000 | 1001002c 00000000 |  9  xxxxxxxx
  000d2 | 00400104 | ae690000 0 0 19  9  0 | 1001002c fffffffd | 00000000 00000000 | 17  1001002c
  000d3 | 00400108 | 8e290000 0 0 17  0  9 | 10018000 00000000 | 00000000 10010190 |  0  00000000
  000d4 | 0040010c | 22310004 0 0 17  0 17 | 1001002c 00000000 | 10018000 xxxxxxxx |  0  00000000
  000d5 | 00400110 | 1632fffd 1 0 17 18  0 | 1001002c 00000004 | 1001002c 00000000 |  0  10018000
  000d6 | 00400110 | 1632fffd 0 1 17 18  0 | 00000000 00000000 | 10010030 00000000 |  9  xxxxxxxx
  000d7 | 00400104 | ae690000 0 0 19  9  0 | 10010030 fffffffd | 00000000 00000000 | 17  10010030
  000d8 | 00400108 | 8e290000 0 0 17  0  9 | 10018000 00000000 | 00000000 10010190 |  0  00000000
  000d9 | 0040010c | 22310004 0 0 17  0 17 | 10010030 00000000 | 10018000 xxxxxxxx |  0  00000000
  000da | 00400110 | 1632fffd 1 0 17 18  0 | 10010030 00000004 | 10010030 00000000 |  0  10018000
  000db | 00400110 | 1632fffd 0 1 17 18  0 | 00000000 00000000 | 10010034 00000000 |  9  xxxxxxxx
  000dc | 00400104 | ae690000 0 0 19  9  0 | 10010034 fffffffd | 00000000 00000000 | 17  10010034
  000dd | 00400108 | 8e290000 0 0 17  0  9 | 10018000 00000000 | 00000000 10010190 |  0  00000000
  000de | 0040010c | 22310004 0 0 17  0 17 | 10010034 00000000 | 10018000 xxxxxxxx |  0  00000000
  000df | 00400110 | 1632fffd 1 0 17 18  0 | 10010034 00000004 | 10010034 00000000 |  0  10018000
  000e0 | 00400110 | 1632fffd 0 1 17 18  0 | 00000000 00000000 | 10010038 00000000 |  9  xxxxxxxx
  000e1 | 00400104 | ae690000 0 0 19  9  0 | 10010038 fffffffd | 00000000 00000000 | 17  10010038
  000e2 | 00400108 | 8e290000 0 0 17  0  9 | 10018000 00000000 | 00000000 10010190 |  0  00000000
  000e3 | 0040010c | 22310004 0 0 17  0 17 | 10010038 00000000 | 10018000 xxxxxxxx |  0  00000000
  000e4 | 00400110 | 1632fffd 1 0 17 18  0 | 10010038 00000004 | 10010038 00000000 |  0  10018000
  000e5 | 00400110 | 1632fffd 0 1 17 18  0 | 00000000 00000000 | 1001003c 00000000 |  9  xxxxxxxx
  000e6 | 00400104 | ae690000 0 0 19  9  0 | 1001003c fffffffd | 00000000 00000000 | 17  1001003c
  000e7 | 00400108 | 8e290000 0 0 17  0  9 | 10018000 00000000 | 00000000 10010190 |  0  00000000
  000e8 | 0040010c | 22310004 0 0 17  0 17 | 1001003c 00000000 | 10018000 xxxxxxxx |  0  00000000
  000e9 | 00400110 | 1632fffd 1 0 17 18  0 | 1001003c 00000004 | 1001003c 00000000 |  0  10018000
  000ea | 00400110 | 1632fffd 0 1 17 18  0 | 00000000 00000000 | 10010040 00000000 |  9  xxxxxxxx
  000eb | 00400104 | ae690000 0 0 19  9  0 | 10010040 fffffffd | 00000000 00000000 | 17  10010040
  000ec | 00400108 | 8e290000 0 0 17  0  9 | 10018000 00000000 | 00000000 10010190 |  0  00000000
  000ed | 0040010c | 22310004 0 0 17  0 17 | 10010040 00000000 | 10018000 xxxxxxxx |  0  00000000
  000ee | 00400110 | 1632fffd 1 0 17 18  0 | 10010040 00000004 | 10010040 00000000 |  0  10018000
  000ef | 00400110 | 1632fffd 0 1 17 18  0 | 00000000 00000000 | 10010044 00000000 |  9  xxxxxxxx
  000f0 | 00400104 | ae690000 0 0 19  9  0 | 10010044 fffffffd | 00000000 00000000 | 17  10010044
  000f1 | 00400108 | 8e290000 0 0 17  0  9 | 10018000 00000000 | 00000000 10010190 |  0  00000000
  000f2 | 0040010c | 22310004 0 0 17  0 17 | 10010044 00000000 | 10018000 xxxxxxxx |  0  00000000
  000f3 | 00400110 | 1632fffd 1 0 17 18  0 | 10010044 00000004 | 10010044 00000000 |  0  10018000
  000f4 | 00400110 | 1632fffd 0 1 17 18  0 | 00000000 00000000 | 10010048 00000000 |  9  xxxxxxxx
  000f5 | 00400104 | ae690000 0 0 19  9  0 | 10010048 fffffffd | 00000000 00000000 | 17  10010048
  000f6 | 00400108 | 8e290000 0 0 17  0  9 | 10018000 00000000 | 00000000 10010190 |  0  00000000
  000f7 | 0040010c | 22310004 0 0 17  0 17 | 10010048 00000000 | 10018000 xxxxxxxx |  0  00000000
  000f8 | 00400110 | 1632fffd 1 0 17 18  0 | 10010048 00000004 | 10010048 00000000 |  0  10018000
  000f9 | 00400110 | 1632fffd 0 1 17 18  0 | 00000000 00000000 | 1001004c 00000000 |  9  xxxxxxxx
  000fa | 00400104 | ae690000 0 0 19  9  0 | 1001004c fffffffd | 00000000 00000000 | 17  1001004c
  000fb | 00400108 | 8e290000 0 0 17  0  9 | 10018000 00000000 | 00000000 10010190 |  0  00000000
  000fc | 0040010c | 22310004 0 0 17  0 17 | 1001004c 00000000 | 10018000 xxxxxxxx |  0  00000000
  000fd | 00400110 | 1632fffd 1 0 17 18  0 | 1001004c 00000004 | 1001004c 00000000 |  0  10018000
  000fe | 00400110 | 1632fffd 0 1 17 18  0 | 00000000 00000000 | 10010050 00000000 |  9  xxxxxxxx
  000ff | 00400104 | ae690000 0 0 19  9  0 | 10010050 fffffffd | 00000000 00000000 | 17  10010050
  00100 | 00400108 | 8e290000 0 0 17  0  9 | 10018000 00000000 | 00000000 10010190 |  0  00000000
  00101 | 0040010c | 22310004 0 0 17  0 17 | 10010050 00000000 | 10018000 xxxxxxxx |  0  00000000
  00102 | 00400110 | 1632fffd 1 0 17 18  0 | 10010050 00000004 | 10010050 00000000 |  0  10018000
  00103 | 00400110 | 1632fffd 0 1 17 18  0 | 00000000 00000000 | 10010054 00000000 |  9  xxxxxxxx
  00104 | 00400104 | ae690000 0 0 19  9  0 | 10010054 fffffffd | 00000000 00000000 | 17  10010054
  00105 | 00400108 | 8e290000 0 0 17  0  9 | 10018000 00000000 | 00000000 10010190 |  0  00000000
  00106 | 0040010c | 22310004 0 0 17  0 17 | 10010054 00000000 | 10018000 xxxxxxxx |  0  00000000
  00107 | 00400110 | 1632fffd 1 0 17 18  0 | 10010054 00000004 | 10010054 00000000 |  0  10018000
  00108 | 00400110 | 1632fffd 0 1 17 18  0 | 00000000 00000000 | 10010058 00000000 |  9  xxxxxxxx
  00109 | 00400104 | ae690000 0 0 19  9  0 | 10010058 fffffffd | 00000000 00000000 | 17  10010058
  0010a | 00400108 | 8e290000 0 0 17  0  9 | 10018000 00000000 | 00000000 10010190 |  0  00000000
  0010b | 0040010c | 22310004 0 0 17  0 17 | 10010058 00000000 | 10018000 xxxxxxxx |  0  00000000
  0010c | 00400110 | 1632fffd 1 0 17 18  0 | 10010058 00000004 | 10010058 00000000 |  0  10018000
  0010d | 00400110 | 1632fffd 0 1 17 18  0 | 00000000 00000000 | 1001005c 00000000 |  9  xxxxxxxx
  0010e | 00400104 | ae690000 0 0 19  9  0 | 1001005c fffffffd | 00000000 00000000 | 17  1001005c
  0010f | 00400108 | 8e290000 0 0 17  0  9 | 10018000 00000000 | 00000000 10010190 |  0  00000000
  00110 | 0040010c | 22310004 0 0 17  0 17 | 1001005c 00000000 | 10018000 xxxxxxxx |  0  00000000
  00111 | 00400110 | 1632fffd 1 0 17 18  0 | 1001005c 00000004 | 1001005c 00000000 |  0  10018000
  00112 | 00400110 | 1632fffd 0 1 17 18  0 | 00000000 00000000 | 10010060 00000000 |  9  xxxxxxxx
  00113 | 00400104 | ae690000 0 0 19  9  0 | 10010060 fffffffd | 00000000 00000000 | 17  10010060
  00114 | 00400108 | 8e290000 0 0 17  0  9 | 10018000 00000000 | 00000000 10010190 |  0  00000000
  00115 | 0040010c | 22310004 0 0 17  0 17 | 10010060 00000000 | 10018000 xxxxxxxx |  0  00000000
  00116 | 00400110 | 1632fffd 1 0 17 18  0 | 10010060 00000004 | 10010060 00000000 |  0  10018000
  00117 | 00400110 | 1632fffd 0 1 17 18  0 | 00000000 00000000 | 10010064 00000000 |  9  xxxxxxxx
  00118 | 00400104 | ae690000 0 0 19  9  0 | 10010064 fffffffd | 00000000 00000000 | 17  10010064
  00119 | 00400108 | 8e290000 0 0 17  0  9 | 10018000 00000000 | 00000000 10010190 |  0  00000000
  0011a | 0040010c | 22310004 0 0 17  0 17 | 10010064 00000000 | 10018000 xxxxxxxx |  0  00000000
  0011b | 00400110 | 1632fffd 1 0 17 18  0 | 10010064 00000004 | 10010064 00000000 |  0  10018000
  0011c | 00400110 | 1632fffd 0 1 17 18  0 | 00000000 00000000 | 10010068 00000000 |  9  xxxxxxxx
  0011d | 00400104 | ae690000 0 0 19  9  0 | 10010068 fffffffd | 00000000 00000000 | 17  10010068
  0011e | 00400108 | 8e290000 0 0 17  0  9 | 10018000 00000000 | 00000000 10010190 |  0  00000000
  0011f | 0040010c | 22310004 0 0 17  0 17 | 10010068 00000000 | 10018000 xxxxxxxx |  0  00000000
  00120 | 00400110 | 1632fffd 1 0 17 18  0 | 10010068 00000004 | 10010068 00000000 |  0  10018000
  00121 | 00400110 | 1632fffd 0 1 17 18  0 | 00000000 00000000 | 1001006c 00000000 |  9  xxxxxxxx
  00122 | 00400104 | ae690000 0 0 19  9  0 | 1001006c fffffffd | 00000000 00000000 | 17  1001006c
  00123 | 00400108 | 8e290000 0 0 17  0  9 | 10018000 00000000 | 00000000 10010190 |  0  00000000
  00124 | 0040010c | 22310004 0 0 17  0 17 | 1001006c 00000000 | 10018000 xxxxxxxx |  0  00000000
  00125 | 00400110 | 1632fffd 1 0 17 18  0 | 1001006c 00000004 | 1001006c 00000000 |  0  10018000
  00126 | 00400110 | 1632fffd 0 1 17 18  0 | 00000000 00000000 | 10010070 00000000 |  9  xxxxxxxx
  00127 | 00400104 | ae690000 0 0 19  9  0 | 10010070 fffffffd | 00000000 00000000 | 17  10010070
  00128 | 00400108 | 8e290000 0 0 17  0  9 | 10018000 00000000 | 00000000 10010190 |  0  00000000
  00129 | 0040010c | 22310004 0 0 17  0 17 | 10010070 00000000 | 10018000 xxxxxxxx |  0  00000000
  0012a | 00400110 | 1632fffd 1 0 17 18  0 | 10010070 00000004 | 10010070 00000000 |  0  10018000
  0012b | 00400110 | 1632fffd 0 1 17 18  0 | 00000000 00000000 | 10010074 00000000 |  9  xxxxxxxx
  0012c | 00400104 | ae690000 0 0 19  9  0 | 10010074 fffffffd | 00000000 00000000 | 17  10010074
  0012d | 00400108 | 8e290000 0 0 17  0  9 | 10018000 00000000 | 00000000 10010190 |  0  00000000
  0012e | 0040010c | 22310004 0 0 17  0 17 | 10010074 00000000 | 10018000 xxxxxxxx |  0  00000000
  0012f | 00400110 | 1632fffd 1 0 17 18  0 | 10010074 00000004 | 10010074 00000000 |  0  10018000
  00130 | 00400110 | 1632fffd 0 1 17 18  0 | 00000000 00000000 | 10010078 00000000 |  9  xxxxxxxx
  00131 | 00400104 | ae690000 0 0 19  9  0 | 10010078 fffffffd | 00000000 00000000 | 17  10010078
  00132 | 00400108 | 8e290000 0 0 17  0  9 | 10018000 00000000 | 00000000 10010190 |  0  00000000
  00133 | 0040010c | 22310004 0 0 17  0 17 | 10010078 00000000 | 10018000 xxxxxxxx |  0  00000000
  00134 | 00400110 | 1632fffd 1 0 17 18  0 | 10010078 00000004 | 10010078 00000000 |  0  10018000
  00135 | 00400110 | 1632fffd 0 1 17 18  0 | 00000000 00000000 | 1001007c 00000000 |  9  xxxxxxxx
  00136 | 00400104 | ae690000 0 0 19  9  0 | 1001007c fffffffd | 00000000 00000000 | 17  1001007c
  00137 | 00400108 | 8e290000 0 0 17  0  9 | 10018000 00000000 | 00000000 10010190 |  0  00000000
  00138 | 0040010c | 22310004 0 0 17  0 17 | 1001007c 00000000 | 10018000 xxxxxxxx |  0  00000000
  00139 | 00400110 | 1632fffd 1 0 17 18  0 | 1001007c 00000004 | 1001007c 00000000 |  0  10018000
  0013a | 00400110 | 1632fffd 0 1 17 18  0 | 00000000 00000000 | 10010080 00000000 |  9  xxxxxxxx
  0013b | 00400104 | ae690000 0 0 19  9  0 | 10010080 fffffffd | 00000000 00000000 | 17  10010080
  0013c | 00400108 | 8e290000 0 0 17  0  9 | 10018000 00000000 | 00000000 10010190 |  0  00000000
  0013d | 0040010c | 22310004 0 0 17  0 17 | 10010080 00000000 | 10018000 xxxxxxxx |  0  00000000
  0013e | 00400110 | 1632fffd 1 0 17 18  0 | 10010080 00000004 | 10010080 00000000 |  0  10018000
  0013f | 00400110 | 1632fffd 0 1 17 18  0 | 00000000 00000000 | 10010084 00000000 |  9  xxxxxxxx
  00140 | 00400104 | ae690000 0 0 19  9  0 | 10010084 fffffffd | 00000000 00000000 | 17  10010084
  00141 | 00400108 | 8e290000 0 0 17  0  9 | 10018000 00000000 | 00000000 10010190 |  0  00000000
  00142 | 0040010c | 22310004 0 0 17  0 17 | 10010084 00000000 | 10018000 xxxxxxxx |  0  00000000
  00143 | 00400110 | 1632fffd 1 0 17 18  0 | 10010084 00000004 | 10010084 00000000 |  0  10018000
  00144 | 00400110 | 1632fffd 0 1 17 18  0 | 00000000 00000000 | 10010088 00000000 |  9  xxxxxxxx
  00145 | 00400104 | ae690000 0 0 19  9  0 | 10010088 fffffffd | 00000000 00000000 | 17  10010088
  00146 | 00400108 | 8e290000 0 0 17  0  9 | 10018000 00000000 | 00000000 10010190 |  0  00000000
  00147 | 0040010c | 22310004 0 0 17  0 17 | 10010088 00000000 | 10018000 xxxxxxxx |  0  00000000
  00148 | 00400110 | 1632fffd 1 0 17 18  0 | 10010088 00000004 | 10010088 00000000 |  0  10018000
  00149 | 00400110 | 1632fffd 0 1 17 18  0 | 00000000 00000000 | 1001008c 00000000 |  9  xxxxxxxx
  0014a | 00400104 | ae690000 0 0 19  9  0 | 1001008c fffffffd | 00000000 00000000 | 17  1001008c
  0014b | 00400108 | 8e290000 0 0 17  0  9 | 10018000 00000000 | 00000000 10010190 |  0  00000000
  0014c | 0040010c | 22310004 0 0 17  0 17 | 1001008c 00000000 | 10018000 xxxxxxxx |  0  00000000
  0014d | 00400110 | 1632fffd 1 0 17 18  0 | 1001008c 00000004 | 1001008c 00000000 |  0  10018000
  0014e | 00400110 | 1632fffd 0 1 17 18  0 | 00000000 00000000 | 10010090 00000000 |  9  xxxxxxxx
  0014f | 00400104 | ae690000 0 0 19  9  0 | 10010090 fffffffd | 00000000 00000000 | 17  10010090
  00150 | 00400108 | 8e290000 0 0 17  0  9 | 10018000 00000000 | 00000000 10010190 |  0  00000000
  00151 | 0040010c | 22310004 0 0 17  0 17 | 10010090 00000000 | 10018000 xxxxxxxx |  0  00000000
  00152 | 00400110 | 1632fffd 1 0 17 18  0 | 10010090 00000004 | 10010090 00000000 |  0  10018000
  00153 | 00400110 | 1632fffd 0 1 17 18  0 | 00000000 00000000 | 10010094 00000000 |  9  xxxxxxxx
  00154 | 00400104 | ae690000 0 0 19  9  0 | 10010094 fffffffd | 00000000 00000000 | 17  10010094
  00155 | 00400108 | 8e290000 0 0 17  0  9 | 10018000 00000000 | 00000000 10010190 |  0  00000000
  00156 | 0040010c | 22310004 0 0 17  0 17 | 10010094 00000000 | 10018000 xxxxxxxx |  0  00000000
  00157 | 00400110 | 1632fffd 1 0 17 18  0 | 10010094 00000004 | 10010094 00000000 |  0  10018000
  00158 | 00400110 | 1632fffd 0 1 17 18  0 | 00000000 00000000 | 10010098 00000000 |  9  xxxxxxxx
  00159 | 00400104 | ae690000 0 0 19  9  0 | 10010098 fffffffd | 00000000 00000000 | 17  10010098
  0015a | 00400108 | 8e290000 0 0 17  0  9 | 10018000 00000000 | 00000000 10010190 |  0  00000000
  0015b | 0040010c | 22310004 0 0 17  0 17 | 10010098 00000000 | 10018000 xxxxxxxx |  0  00000000
  0015c | 00400110 | 1632fffd 1 0 17 18  0 | 10010098 00000004 | 10010098 00000000 |  0  10018000
  0015d | 00400110 | 1632fffd 0 1 17 18  0 | 00000000 00000000 | 1001009c 00000000 |  9  xxxxxxxx
  0015e | 00400104 | ae690000 0 0 19  9  0 | 1001009c fffffffd | 00000000 00000000 | 17  1001009c
  0015f | 00400108 | 8e290000 0 0 17  0  9 | 10018000 00000000 | 00000000 10010190 |  0  00000000
  00160 | 0040010c | 22310004 0 0 17  0 17 | 1001009c 00000000 | 10018000 xxxxxxxx |  0  00000000
  00161 | 00400110 | 1632fffd 1 0 17 18  0 | 1001009c 00000004 | 1001009c 00000000 |  0  10018000
  00162 | 00400110 | 1632fffd 0 1 17 18  0 | 00000000 00000000 | 100100a0 00000000 |  9  xxxxxxxx
  00163 | 00400104 | ae690000 0 0 19  9  0 | 100100a0 fffffffd | 00000000 00000000 | 17  100100a0
  00164 | 00400108 | 8e290000 0 0 17  0  9 | 10018000 00000000 | 00000000 10010190 |  0  00000000
  00165 | 0040010c | 22310004 0 0 17  0 17 | 100100a0 00000000 | 10018000 xxxxxxxx |  0  00000000
  00166 | 00400110 | 1632fffd 1 0 17 18  0 | 100100a0 00000004 | 100100a0 00000000 |  0  10018000
  00167 | 00400110 | 1632fffd 0 1 17 18  0 | 00000000 00000000 | 100100a4 00000000 |  9  xxxxxxxx
  00168 | 00400104 | ae690000 0 0 19  9  0 | 100100a4 fffffffd | 00000000 00000000 | 17  100100a4
  00169 | 00400108 | 8e290000 0 0 17  0  9 | 10018000 00000000 | 00000000 10010190 |  0  00000000
  0016a | 0040010c | 22310004 0 0 17  0 17 | 100100a4 00000000 | 10018000 xxxxxxxx |  0  00000000
  0016b | 00400110 | 1632fffd 1 0 17 18  0 | 100100a4 00000004 | 100100a4 00000000 |  0  10018000
  0016c | 00400110 | 1632fffd 0 1 17 18  0 | 00000000 00000000 | 100100a8 00000000 |  9  xxxxxxxx
  0016d | 00400104 | ae690000 0 0 19  9  0 | 100100a8 fffffffd | 00000000 00000000 | 17  100100a8
  0016e | 00400108 | 8e290000 0 0 17  0  9 | 10018000 00000000 | 00000000 10010190 |  0  00000000
  0016f | 0040010c | 22310004 0 0 17  0 17 | 100100a8 00000000 | 10018000 xxxxxxxx |  0  00000000
  00170 | 00400110 | 1632fffd 1 0 17 18  0 | 100100a8 00000004 | 100100a8 00000000 |  0  10018000
  00171 | 00400110 | 1632fffd 0 1 17 18  0 | 00000000 00000000 | 100100ac 00000000 |  9  xxxxxxxx
  00172 | 00400104 | ae690000 0 0 19  9  0 | 100100ac fffffffd | 00000000 00000000 | 17  100100ac
  00173 | 00400108 | 8e290000 0 0 17  0  9 | 10018000 00000000 | 00000000 10010190 |  0  00000000
  00174 | 0040010c | 22310004 0 0 17  0 17 | 100100ac 00000000 | 10018000 xxxxxxxx |  0  00000000
  00175 | 00400110 | 1632fffd 1 0 17 18  0 | 100100ac 00000004 | 100100ac 00000000 |  0  10018000
  00176 | 00400110 | 1632fffd 0 1 17 18  0 | 00000000 00000000 | 100100b0 00000000 |  9  xxxxxxxx
  00177 | 00400104 | ae690000 0 0 19  9  0 | 100100b0 fffffffd | 00000000 00000000 | 17  100100b0
  00178 | 00400108 | 8e290000 0 0 17  0  9 | 10018000 00000000 | 00000000 10010190 |  0  00000000
  00179 | 0040010c | 22310004 0 0 17  0 17 | 100100b0 00000000 | 10018000 xxxxxxxx |  0  00000000
  0017a | 00400110 | 1632fffd 1 0 17 18  0 | 100100b0 00000004 | 100100b0 00000000 |  0  10018000
  0017b | 00400110 | 1632fffd 0 1 17 18  0 | 00000000 00000000 | 100100b4 00000000 |  9  xxxxxxxx
  0017c | 00400104 | ae690000 0 0 19  9  0 | 100100b4 fffffffd | 00000000 00000000 | 17  100100b4
  0017d | 00400108 | 8e290000 0 0 17  0  9 | 10018000 00000000 | 00000000 10010190 |  0  00000000
  0017e | 0040010c | 22310004 0 0 17  0 17 | 100100b4 00000000 | 10018000 xxxxxxxx |  0  00000000
  0017f | 00400110 | 1632fffd 1 0 17 18  0 | 100100b4 00000004 | 100100b4 00000000 |  0  10018000
  00180 | 00400110 | 1632fffd 0 1 17 18  0 | 00000000 00000000 | 100100b8 00000000 |  9  xxxxxxxx
  00181 | 00400104 | ae690000 0 0 19  9  0 | 100100b8 fffffffd | 00000000 00000000 | 17  100100b8
  00182 | 00400108 | 8e290000 0 0 17  0  9 | 10018000 00000000 | 00000000 10010190 |  0  00000000
  00183 | 0040010c | 22310004 0 0 17  0 17 | 100100b8 00000000 | 10018000 xxxxxxxx |  0  00000000
  00184 | 00400110 | 1632fffd 1 0 17 18  0 | 100100b8 00000004 | 100100b8 00000000 |  0  10018000
  00185 | 00400110 | 1632fffd 0 1 17 18  0 | 00000000 00000000 | 100100bc 00000000 |  9  xxxxxxxx
  00186 | 00400104 | ae690000 0 0 19  9  0 | 100100bc fffffffd | 00000000 00000000 | 17  100100bc
  00187 | 00400108 | 8e290000 0 0 17  0  9 | 10018000 00000000 | 00000000 10010190 |  0  00000000
  00188 | 0040010c | 22310004 0 0 17  0 17 | 100100bc 00000000 | 10018000 xxxxxxxx |  0  00000000
  00189 | 00400110 | 1632fffd 1 0 17 18  0 | 100100bc 00000004 | 100100bc 00000000 |  0  10018000
  0018a | 00400110 | 1632fffd 0 1 17 18  0 | 00000000 00000000 | 100100c0 00000000 |  9  xxxxxxxx
  0018b | 00400104 | ae690000 0 0 19  9  0 | 100100c0 fffffffd | 00000000 00000000 | 17  100100c0
  0018c | 00400108 | 8e290000 0 0 17  0  9 | 10018000 00000000 | 00000000 10010190 |  0  00000000
  0018d | 0040010c | 22310004 0 0 17  0 17 | 100100c0 00000000 | 10018000 xxxxxxxx |  0  00000000
  0018e | 00400110 | 1632fffd 1 0 17 18  0 | 100100c0 00000004 | 100100c0 00000000 |  0  10018000
  0018f | 00400110 | 1632fffd 0 1 17 18  0 | 00000000 00000000 | 100100c4 00000000 |  9  xxxxxxxx
  00190 | 00400104 | ae690000 0 0 19  9  0 | 100100c4 fffffffd | 00000000 00000000 | 17  100100c4
  00191 | 00400108 | 8e290000 0 0 17  0  9 | 10018000 00000000 | 00000000 10010190 |  0  00000000
  00192 | 0040010c | 22310004 0 0 17  0 17 | 100100c4 00000000 | 10018000 xxxxxxxx |  0  00000000
  00193 | 00400110 | 1632fffd 1 0 17 18  0 | 100100c4 00000004 | 100100c4 00000000 |  0  10018000
  00194 | 00400110 | 1632fffd 0 1 17 18  0 | 00000000 00000000 | 100100c8 00000000 |  9  xxxxxxxx
  00195 | 00400104 | ae690000 0 0 19  9  0 | 100100c8 fffffffd | 00000000 00000000 | 17  100100c8
  00196 | 00400108 | 8e290000 0 0 17  0  9 | 10018000 00000000 | 00000000 10010190 |  0  00000000
  00197 | 0040010c | 22310004 0 0 17  0 17 | 100100c8 00000000 | 10018000 xxxxxxxx |  0  00000000
  00198 | 00400110 | 1632fffd 1 0 17 18  0 | 100100c8 00000004 | 100100c8 00000000 |  0  10018000
  00199 | 00400110 | 1632fffd 0 1 17 18  0 | 00000000 00000000 | 100100cc 00000000 |  9  xxxxxxxx
  0019a | 00400104 | ae690000 0 0 19  9  0 | 100100cc fffffffd | 00000000 00000000 | 17  100100cc
  0019b | 00400108 | 8e290000 0 0 17  0  9 | 10018000 00000000 | 00000000 10010190 |  0  00000000
  0019c | 0040010c | 22310004 0 0 17  0 17 | 100100cc 00000000 | 10018000 xxxxxxxx |  0  00000000
  0019d | 00400110 | 1632fffd 1 0 17 18  0 | 100100cc 00000004 | 100100cc 00000000 |  0  10018000
  0019e | 00400110 | 1632fffd 0 1 17 18  0 | 00000000 00000000 | 100100d0 00000000 |  9  xxxxxxxx
  0019f | 00400104 | ae690000 0 0 19  9  0 | 100100d0 fffffffd | 00000000 00000000 | 17  100100d0
  001a0 | 00400108 | 8e290000 0 0 17  0  9 | 10018000 00000000 | 00000000 10010190 |  0  00000000
  001a1 | 0040010c | 22310004 0 0 17  0 17 | 100100d0 00000000 | 10018000 xxxxxxxx |  0  00000000
  001a2 | 00400110 | 1632fffd 1 0 17 18  0 | 100100d0 00000004 | 100100d0 00000000 |  0  10018000
  001a3 | 00400110 | 1632fffd 0 1 17 18  0 | 00000000 00000000 | 100100d4 00000000 |  9  xxxxxxxx
  001a4 | 00400104 | ae690000 0 0 19  9  0 | 100100d4 fffffffd | 00000000 00000000 | 17  100100d4
  001a5 | 00400108 | 8e290000 0 0 17  0  9 | 10018000 00000000 | 00000000 10010190 |  0  00000000
  001a6 | 0040010c | 22310004 0 0 17  0 17 | 100100d4 00000000 | 10018000 xxxxxxxx |  0  00000000
  001a7 | 00400110 | 1632fffd 1 0 17 18  0 | 100100d4 00000004 | 100100d4 00000000 |  0  10018000
  001a8 | 00400110 | 1632fffd 0 1 17 18  0 | 00000000 00000000 | 100100d8 00000000 |  9  xxxxxxxx
  001a9 | 00400104 | ae690000 0 0 19  9  0 | 100100d8 fffffffd | 00000000 00000000 | 17  100100d8
  001aa | 00400108 | 8e290000 0 0 17  0  9 | 10018000 00000000 | 00000000 10010190 |  0  00000000
  001ab | 0040010c | 22310004 0 0 17  0 17 | 100100d8 00000000 | 10018000 xxxxxxxx |  0  00000000
  001ac | 00400110 | 1632fffd 1 0 17 18  0 | 100100d8 00000004 | 100100d8 00000000 |  0  10018000
  001ad | 00400110 | 1632fffd 0 1 17 18  0 | 00000000 00000000 | 100100dc 00000000 |  9  xxxxxxxx
  001ae | 00400104 | ae690000 0 0 19  9  0 | 100100dc fffffffd | 00000000 00000000 | 17  100100dc
  001af | 00400108 | 8e290000 0 0 17  0  9 | 10018000 00000000 | 00000000 10010190 |  0  00000000
  001b0 | 0040010c | 22310004 0 0 17  0 17 | 100100dc 00000000 | 10018000 xxxxxxxx |  0  00000000
  001b1 | 00400110 | 1632fffd 1 0 17 18  0 | 100100dc 00000004 | 100100dc 00000000 |  0  10018000
  001b2 | 00400110 | 1632fffd 0 1 17 18  0 | 00000000 00000000 | 100100e0 00000000 |  9  xxxxxxxx
  001b3 | 00400104 | ae690000 0 0 19  9  0 | 100100e0 fffffffd | 00000000 00000000 | 17  100100e0
  001b4 | 00400108 | 8e290000 0 0 17  0  9 | 10018000 00000000 | 00000000 10010190 |  0  00000000
  001b5 | 0040010c | 22310004 0 0 17  0 17 | 100100e0 00000000 | 10018000 xxxxxxxx |  0  00000000
  001b6 | 00400110 | 1632fffd 1 0 17 18  0 | 100100e0 00000004 | 100100e0 00000000 |  0  10018000
  001b7 | 00400110 | 1632fffd 0 1 17 18  0 | 00000000 00000000 | 100100e4 00000000 |  9  xxxxxxxx
  001b8 | 00400104 | ae690000 0 0 19  9  0 | 100100e4 fffffffd | 00000000 00000000 | 17  100100e4
  001b9 | 00400108 | 8e290000 0 0 17  0  9 | 10018000 00000000 | 00000000 10010190 |  0  00000000
  001ba | 0040010c | 22310004 0 0 17  0 17 | 100100e4 00000000 | 10018000 xxxxxxxx |  0  00000000
  001bb | 00400110 | 1632fffd 1 0 17 18  0 | 100100e4 00000004 | 100100e4 00000000 |  0  10018000
  001bc | 00400110 | 1632fffd 0 1 17 18  0 | 00000000 00000000 | 100100e8 00000000 |  9  xxxxxxxx
  001bd | 00400104 | ae690000 0 0 19  9  0 | 100100e8 fffffffd | 00000000 00000000 | 17  100100e8
  001be | 00400108 | 8e290000 0 0 17  0  9 | 10018000 00000000 | 00000000 10010190 |  0  00000000
  001bf | 0040010c | 22310004 0 0 17  0 17 | 100100e8 00000000 | 10018000 xxxxxxxx |  0  00000000
  001c0 | 00400110 | 1632fffd 1 0 17 18  0 | 100100e8 00000004 | 100100e8 00000000 |  0  10018000
  001c1 | 00400110 | 1632fffd 0 1 17 18  0 | 00000000 00000000 | 100100ec 00000000 |  9  xxxxxxxx
  001c2 | 00400104 | ae690000 0 0 19  9  0 | 100100ec fffffffd | 00000000 00000000 | 17  100100ec
  001c3 | 00400108 | 8e290000 0 0 17  0  9 | 10018000 00000000 | 00000000 10010190 |  0  00000000
  001c4 | 0040010c | 22310004 0 0 17  0 17 | 100100ec 00000000 | 10018000 xxxxxxxx |  0  00000000
  001c5 | 00400110 | 1632fffd 1 0 17 18  0 | 100100ec 00000004 | 100100ec 00000000 |  0  10018000
  001c6 | 00400110 | 1632fffd 0 1 17 18  0 | 00000000 00000000 | 100100f0 00000000 |  9  xxxxxxxx
  001c7 | 00400104 | ae690000 0 0 19  9  0 | 100100f0 fffffffd | 00000000 00000000 | 17  100100f0
  001c8 | 00400108 | 8e290000 0 0 17  0  9 | 10018000 00000000 | 00000000 10010190 |  0  00000000
  001c9 | 0040010c | 22310004 0 0 17  0 17 | 100100f0 00000000 | 10018000 xxxxxxxx |  0  00000000
  001ca | 00400110 | 1632fffd 1 0 17 18  0 | 100100f0 00000004 | 100100f0 00000000 |  0  10018000
  001cb | 00400110 | 1632fffd 0 1 17 18  0 | 00000000 00000000 | 100100f4 00000000 |  9  xxxxxxxx
  001cc | 00400104 | ae690000 0 0 19  9  0 | 100100f4 fffffffd | 00000000 00000000 | 17  100100f4
  001cd | 00400108 | 8e290000 0 0 17  0  9 | 10018000 00000000 | 00000000 10010190 |  0  00000000
  001ce | 0040010c | 22310004 0 0 17  0 17 | 100100f4 00000000 | 10018000 xxxxxxxx |  0  00000000
  001cf | 00400110 | 1632fffd 1 0 17 18  0 | 100100f4 00000004 | 100100f4 00000000 |  0  10018000
  001d0 | 00400110 | 1632fffd 0 1 17 18  0 | 00000000 00000000 | 100100f8 00000000 |  9  xxxxxxxx
  001d1 | 00400104 | ae690000 0 0 19  9  0 | 100100f8 fffffffd | 00000000 00000000 | 17  100100f8
  001d2 | 00400108 | 8e290000 0 0 17  0  9 | 10018000 00000000 | 00000000 10010190 |  0  00000000
  001d3 | 0040010c | 22310004 0 0 17  0 17 | 100100f8 00000000 | 10018000 xxxxxxxx |  0  00000000
  001d4 | 00400110 | 1632fffd 1 0 17 18  0 | 100100f8 00000004 | 100100f8 00000000 |  0  10018000
  001d5 | 00400110 | 1632fffd 0 1 17 18  0 | 00000000 00000000 | 100100fc 00000000 |  9  xxxxxxxx
  001d6 | 00400104 | ae690000 0 0 19  9  0 | 100100fc fffffffd | 00000000 00000000 | 17  100100fc
  001d7 | 00400108 | 8e290000 0 0 17  0  9 | 10018000 00000000 | 00000000 10010190 |  0  00000000
  001d8 | 0040010c | 22310004 0 0 17  0 17 | 100100fc 00000000 | 10018000 xxxxxxxx |  0  00000000
  001d9 | 00400110 | 1632fffd 1 0 17 18  0 | 100100fc 00000004 | 100100fc 00000000 |  0  10018000
  001da | 00400110 | 1632fffd 0 1 17 18  0 | 00000000 00000000 | 10010100 00000000 |  9  xxxxxxxx
  001db | 00400104 | ae690000 0 0 19  9  0 | 10010100 fffffffd | 00000000 00000000 | 17  10010100
  001dc | 00400108 | 8e290000 0 0 17  0  9 | 10018000 00000000 | 00000000 10010190 |  0  00000000
  001dd | 0040010c | 22310004 0 0 17  0 17 | 10010100 00000000 | 10018000 xxxxxxxx |  0  00000000
  001de | 00400110 | 1632fffd 1 0 17 18  0 | 10010100 00000004 | 10010100 00000000 |  0  10018000
  001df | 00400110 | 1632fffd 0 1 17 18  0 | 00000000 00000000 | 10010104 00000000 |  9  xxxxxxxx
  001e0 | 00400104 | ae690000 0 0 19  9  0 | 10010104 fffffffd | 00000000 00000000 | 17  10010104
  001e1 | 00400108 | 8e290000 0 0 17  0  9 | 10018000 00000000 | 00000000 10010190 |  0  00000000
  001e2 | 0040010c | 22310004 0 0 17  0 17 | 10010104 00000000 | 10018000 xxxxxxxx |  0  00000000
  001e3 | 00400110 | 1632fffd 1 0 17 18  0 | 10010104 00000004 | 10010104 00000000 |  0  10018000
  001e4 | 00400110 | 1632fffd 0 1 17 18  0 | 00000000 00000000 | 10010108 00000000 |  9  xxxxxxxx
  001e5 | 00400104 | ae690000 0 0 19  9  0 | 10010108 fffffffd | 00000000 00000000 | 17  10010108
  001e6 | 00400108 | 8e290000 0 0 17  0  9 | 10018000 00000000 | 00000000 10010190 |  0  00000000
  001e7 | 0040010c | 22310004 0 0 17  0 17 | 10010108 00000000 | 10018000 xxxxxxxx |  0  00000000
  001e8 | 00400110 | 1632fffd 1 0 17 18  0 | 10010108 00000004 | 10010108 00000000 |  0  10018000
  001e9 | 00400110 | 1632fffd 0 1 17 18  0 | 00000000 00000000 | 1001010c 00000000 |  9  xxxxxxxx
  001ea | 00400104 | ae690000 0 0 19  9  0 | 1001010c fffffffd | 00000000 00000000 | 17  1001010c
  001eb | 00400108 | 8e290000 0 0 17  0  9 | 10018000 00000000 | 00000000 10010190 |  0  00000000
  001ec | 0040010c | 22310004 0 0 17  0 17 | 1001010c 00000000 | 10018000 xxxxxxxx |  0  00000000
  001ed | 00400110 | 1632fffd 1 0 17 18  0 | 1001010c 00000004 | 1001010c 00000000 |  0  10018000
  001ee | 00400110 | 1632fffd 0 1 17 18  0 | 00000000 00000000 | 10010110 00000000 |  9  xxxxxxxx
  001ef | 00400104 | ae690000 0 0 19  9  0 | 10010110 fffffffd | 00000000 00000000 | 17  10010110
  001f0 | 00400108 | 8e290000 0 0 17  0  9 | 10018000 00000000 | 00000000 10010190 |  0  00000000
  001f1 | 0040010c | 22310004 0 0 17  0 17 | 10010110 00000000 | 10018000 xxxxxxxx |  0  00000000
  001f2 | 00400110 | 1632fffd 1 0 17 18  0 | 10010110 00000004 | 10010110 00000000 |  0  10018000
  001f3 | 00400110 | 1632fffd 0 1 17 18  0 | 00000000 00000000 | 10010114 00000000 |  9  xxxxxxxx
  001f4 | 00400104 | ae690000 0 0 19  9  0 | 10010114 fffffffd | 00000000 00000000 | 17  10010114
  001f5 | 00400108 | 8e290000 0 0 17  0  9 | 10018000 00000000 | 00000000 10010190 |  0  00000000
  001f6 | 0040010c | 22310004 0 0 17  0 17 | 10010114 00000000 | 10018000 xxxxxxxx |  0  00000000
  001f7 | 00400110 | 1632fffd 1 0 17 18  0 | 10010114 00000004 | 10010114 00000000 |  0  10018000
  001f8 | 00400110 | 1632fffd 0 1 17 18  0 | 00000000 00000000 | 10010118 00000000 |  9  xxxxxxxx
  001f9 | 00400104 | ae690000 0 0 19  9  0 | 10010118 fffffffd | 00000000 00000000 | 17  10010118
  001fa | 00400108 | 8e290000 0 0 17  0  9 | 10018000 00000000 | 00000000 10010190 |  0  00000000
  001fb | 0040010c | 22310004 0 0 17  0 17 | 10010118 00000000 | 10018000 xxxxxxxx |  0  00000000
  001fc | 00400110 | 1632fffd 1 0 17 18  0 | 10010118 00000004 | 10010118 00000000 |  0  10018000
  001fd | 00400110 | 1632fffd 0 1 17 18  0 | 00000000 00000000 | 1001011c 00000000 |  9  xxxxxxxx
  001fe | 00400104 | ae690000 0 0 19  9  0 | 1001011c fffffffd | 00000000 00000000 | 17  1001011c
  001ff | 00400108 | 8e290000 0 0 17  0  9 | 10018000 00000000 | 00000000 10010190 |  0  00000000
  00200 | 0040010c | 22310004 0 0 17  0 17 | 1001011c 00000000 | 10018000 xxxxxxxx |  0  00000000
  00201 | 00400110 | 1632fffd 1 0 17 18  0 | 1001011c 00000004 | 1001011c 00000000 |  0  10018000
  00202 | 00400110 | 1632fffd 0 1 17 18  0 | 00000000 00000000 | 10010120 00000000 |  9  xxxxxxxx
  00203 | 00400104 | ae690000 0 0 19  9  0 | 10010120 fffffffd | 00000000 00000000 | 17  10010120
  00204 | 00400108 | 8e290000 0 0 17  0  9 | 10018000 00000000 | 00000000 10010190 |  0  00000000
  00205 | 0040010c | 22310004 0 0 17  0 17 | 10010120 00000000 | 10018000 xxxxxxxx |  0  00000000
  00206 | 00400110 | 1632fffd 1 0 17 18  0 | 10010120 00000004 | 10010120 00000000 |  0  10018000
  00207 | 00400110 | 1632fffd 0 1 17 18  0 | 00000000 00000000 | 10010124 00000000 |  9  xxxxxxxx
  00208 | 00400104 | ae690000 0 0 19  9  0 | 10010124 fffffffd | 00000000 00000000 | 17  10010124
  00209 | 00400108 | 8e290000 0 0 17  0  9 | 10018000 00000000 | 00000000 10010190 |  0  00000000
  0020a | 0040010c | 22310004 0 0 17  0 17 | 10010124 00000000 | 10018000 xxxxxxxx |  0  00000000
  0020b | 00400110 | 1632fffd 1 0 17 18  0 | 10010124 00000004 | 10010124 00000000 |  0  10018000
  0020c | 00400110 | 1632fffd 0 1 17 18  0 | 00000000 00000000 | 10010128 00000000 |  9  xxxxxxxx
  0020d | 00400104 | ae690000 0 0 19  9  0 | 10010128 fffffffd | 00000000 00000000 | 17  10010128
  0020e | 00400108 | 8e290000 0 0 17  0  9 | 10018000 00000000 | 00000000 10010190 |  0  00000000
  0020f | 0040010c | 22310004 0 0 17  0 17 | 10010128 00000000 | 10018000 xxxxxxxx |  0  00000000
  00210 | 00400110 | 1632fffd 1 0 17 18  0 | 10010128 00000004 | 10010128 00000000 |  0  10018000
  00211 | 00400110 | 1632fffd 0 1 17 18  0 | 00000000 00000000 | 1001012c 00000000 |  9  xxxxxxxx
  00212 | 00400104 | ae690000 0 0 19  9  0 | 1001012c fffffffd | 00000000 00000000 | 17  1001012c
  00213 | 00400108 | 8e290000 0 0 17  0  9 | 10018000 00000000 | 00000000 10010190 |  0  00000000
  00214 | 0040010c | 22310004 0 0 17  0 17 | 1001012c 00000000 | 10018000 xxxxxxxx |  0  00000000
  00215 | 00400110 | 1632fffd 1 0 17 18  0 | 1001012c 00000004 | 1001012c 00000000 |  0  10018000
  00216 | 00400110 | 1632fffd 0 1 17 18  0 | 00000000 00000000 | 10010130 00000000 |  9  xxxxxxxx
  00217 | 00400104 | ae690000 0 0 19  9  0 | 10010130 fffffffd | 00000000 00000000 | 17  10010130
  00218 | 00400108 | 8e290000 0 0 17  0  9 | 10018000 00000000 | 00000000 10010190 |  0  00000000
  00219 | 0040010c | 22310004 0 0 17  0 17 | 10010130 00000000 | 10018000 xxxxxxxx |  0  00000000
  0021a | 00400110 | 1632fffd 1 0 17 18  0 | 10010130 00000004 | 10010130 00000000 |  0  10018000
  0021b | 00400110 | 1632fffd 0 1 17 18  0 | 00000000 00000000 | 10010134 00000000 |  9  xxxxxxxx
  0021c | 00400104 | ae690000 0 0 19  9  0 | 10010134 fffffffd | 00000000 00000000 | 17  10010134
  0021d | 00400108 | 8e290000 0 0 17  0  9 | 10018000 00000000 | 00000000 10010190 |  0  00000000
  0021e | 0040010c | 22310004 0 0 17  0 17 | 10010134 00000000 | 10018000 xxxxxxxx |  0  00000000
  0021f | 00400110 | 1632fffd 1 0 17 18  0 | 10010134 00000004 | 10010134 00000000 |  0  10018000
  00220 | 00400110 | 1632fffd 0 1 17 18  0 | 00000000 00000000 | 10010138 00000000 |  9  xxxxxxxx
  00221 | 00400104 | ae690000 0 0 19  9  0 | 10010138 fffffffd | 00000000 00000000 | 17  10010138
  00222 | 00400108 | 8e290000 0 0 17  0  9 | 10018000 00000000 | 00000000 10010190 |  0  00000000
  00223 | 0040010c | 22310004 0 0 17  0 17 | 10010138 00000000 | 10018000 xxxxxxxx |  0  00000000
  00224 | 00400110 | 1632fffd 1 0 17 18  0 | 10010138 00000004 | 10010138 00000000 |  0  10018000
  00225 | 00400110 | 1632fffd 0 1 17 18  0 | 00000000 00000000 | 1001013c 00000000 |  9  xxxxxxxx
  00226 | 00400104 | ae690000 0 0 19  9  0 | 1001013c fffffffd | 00000000 00000000 | 17  1001013c
  00227 | 00400108 | 8e290000 0 0 17  0  9 | 10018000 00000000 | 00000000 10010190 |  0  00000000
  00228 | 0040010c | 22310004 0 0 17  0 17 | 1001013c 00000000 | 10018000 xxxxxxxx |  0  00000000
  00229 | 00400110 | 1632fffd 1 0 17 18  0 | 1001013c 00000004 | 1001013c 00000000 |  0  10018000
  0022a | 00400110 | 1632fffd 0 1 17 18  0 | 00000000 00000000 | 10010140 00000000 |  9  xxxxxxxx
  0022b | 00400104 | ae690000 0 0 19  9  0 | 10010140 fffffffd | 00000000 00000000 | 17  10010140
  0022c | 00400108 | 8e290000 0 0 17  0  9 | 10018000 00000000 | 00000000 10010190 |  0  00000000
  0022d | 0040010c | 22310004 0 0 17  0 17 | 10010140 00000000 | 10018000 xxxxxxxx |  0  00000000
  0022e | 00400110 | 1632fffd 1 0 17 18  0 | 10010140 00000004 | 10010140 00000000 |  0  10018000
  0022f | 00400110 | 1632fffd 0 1 17 18  0 | 00000000 00000000 | 10010144 00000000 |  9  xxxxxxxx
  00230 | 00400104 | ae690000 0 0 19  9  0 | 10010144 fffffffd | 00000000 00000000 | 17  10010144
  00231 | 00400108 | 8e290000 0 0 17  0  9 | 10018000 00000000 | 00000000 10010190 |  0  00000000
  00232 | 0040010c | 22310004 0 0 17  0 17 | 10010144 00000000 | 10018000 xxxxxxxx |  0  00000000
  00233 | 00400110 | 1632fffd 1 0 17 18  0 | 10010144 00000004 | 10010144 00000000 |  0  10018000
  00234 | 00400110 | 1632fffd 0 1 17 18  0 | 00000000 00000000 | 10010148 00000000 |  9  xxxxxxxx
  00235 | 00400104 | ae690000 0 0 19  9  0 | 10010148 fffffffd | 00000000 00000000 | 17  10010148
  00236 | 00400108 | 8e290000 0 0 17  0  9 | 10018000 00000000 | 00000000 10010190 |  0  00000000
  00237 | 0040010c | 22310004 0 0 17  0 17 | 10010148 00000000 | 10018000 xxxxxxxx |  0  00000000
  00238 | 00400110 | 1632fffd 1 0 17 18  0 | 10010148 00000004 | 10010148 00000000 |  0  10018000
  00239 | 00400110 | 1632fffd 0 1 17 18  0 | 00000000 00000000 | 1001014c 00000000 |  9  xxxxxxxx
  0023a | 00400104 | ae690000 0 0 19  9  0 | 1001014c fffffffd | 00000000 00000000 | 17  1001014c
  0023b | 00400108 | 8e290000 0 0 17  0  9 | 10018000 00000000 | 00000000 10010190 |  0  00000000
  0023c | 0040010c | 22310004 0 0 17  0 17 | 1001014c 00000000 | 10018000 xxxxxxxx |  0  00000000
  0023d | 00400110 | 1632fffd 1 0 17 18  0 | 1001014c 00000004 | 1001014c 00000000 |  0  10018000
  0023e | 00400110 | 1632fffd 0 1 17 18  0 | 00000000 00000000 | 10010150 00000000 |  9  xxxxxxxx
  0023f | 00400104 | ae690000 0 0 19  9  0 | 10010150 fffffffd | 00000000 00000000 | 17  10010150
  00240 | 00400108 | 8e290000 0 0 17  0  9 | 10018000 00000000 | 00000000 10010190 |  0  00000000
  00241 | 0040010c | 22310004 0 0 17  0 17 | 10010150 00000000 | 10018000 xxxxxxxx |  0  00000000
  00242 | 00400110 | 1632fffd 1 0 17 18  0 | 10010150 00000004 | 10010150 00000000 |  0  10018000
  00243 | 00400110 | 1632fffd 0 1 17 18  0 | 00000000 00000000 | 10010154 00000000 |  9  xxxxxxxx
  00244 | 00400104 | ae690000 0 0 19  9  0 | 10010154 fffffffd | 00000000 00000000 | 17  10010154
  00245 | 00400108 | 8e290000 0 0 17  0  9 | 10018000 00000000 | 00000000 10010190 |  0  00000000
  00246 | 0040010c | 22310004 0 0 17  0 17 | 10010154 00000000 | 10018000 xxxxxxxx |  0  00000000
  00247 | 00400110 | 1632fffd 1 0 17 18  0 | 10010154 00000004 | 10010154 00000000 |  0  10018000
  00248 | 00400110 | 1632fffd 0 1 17 18  0 | 00000000 00000000 | 10010158 00000000 |  9  xxxxxxxx
  00249 | 00400104 | ae690000 0 0 19  9  0 | 10010158 fffffffd | 00000000 00000000 | 17  10010158
  0024a | 00400108 | 8e290000 0 0 17  0  9 | 10018000 00000000 | 00000000 10010190 |  0  00000000
  0024b | 0040010c | 22310004 0 0 17  0 17 | 10010158 00000000 | 10018000 xxxxxxxx |  0  00000000
  0024c | 00400110 | 1632fffd 1 0 17 18  0 | 10010158 00000004 | 10010158 00000000 |  0  10018000
  0024d | 00400110 | 1632fffd 0 1 17 18  0 | 00000000 00000000 | 1001015c 00000000 |  9  xxxxxxxx
  0024e | 00400104 | ae690000 0 0 19  9  0 | 1001015c fffffffd | 00000000 00000000 | 17  1001015c
  0024f | 00400108 | 8e290000 0 0 17  0  9 | 10018000 00000000 | 00000000 10010190 |  0  00000000
  00250 | 0040010c | 22310004 0 0 17  0 17 | 1001015c 00000000 | 10018000 xxxxxxxx |  0  00000000
  00251 | 00400110 | 1632fffd 1 0 17 18  0 | 1001015c 00000004 | 1001015c 00000000 |  0  10018000
  00252 | 00400110 | 1632fffd 0 1 17 18  0 | 00000000 00000000 | 10010160 00000000 |  9  xxxxxxxx
  00253 | 00400104 | ae690000 0 0 19  9  0 | 10010160 fffffffd | 00000000 00000000 | 17  10010160
  00254 | 00400108 | 8e290000 0 0 17  0  9 | 10018000 00000000 | 00000000 10010190 |  0  00000000
  00255 | 0040010c | 22310004 0 0 17  0 17 | 10010160 00000000 | 10018000 xxxxxxxx |  0  00000000
  00256 | 00400110 | 1632fffd 1 0 17 18  0 | 10010160 00000004 | 10010160 00000000 |  0  10018000
  00257 | 00400110 | 1632fffd 0 1 17 18  0 | 00000000 00000000 | 10010164 00000000 |  9  xxxxxxxx
  00258 | 00400104 | ae690000 0 0 19  9  0 | 10010164 fffffffd | 00000000 00000000 | 17  10010164
  00259 | 00400108 | 8e290000 0 0 17  0  9 | 10018000 00000000 | 00000000 10010190 |  0  00000000
  0025a | 0040010c | 22310004 0 0 17  0 17 | 10010164 00000000 | 10018000 xxxxxxxx |  0  00000000
  0025b | 00400110 | 1632fffd 1 0 17 18  0 | 10010164 00000004 | 10010164 00000000 |  0  10018000
  0025c | 00400110 | 1632fffd 0 1 17 18  0 | 00000000 00000000 | 10010168 00000000 |  9  xxxxxxxx
  0025d | 00400104 | ae690000 0 0 19  9  0 | 10010168 fffffffd | 00000000 00000000 | 17  10010168
  0025e | 00400108 | 8e290000 0 0 17  0  9 | 10018000 00000000 | 00000000 10010190 |  0  00000000
  0025f | 0040010c | 22310004 0 0 17  0 17 | 10010168 00000000 | 10018000 xxxxxxxx |  0  00000000
  00260 | 00400110 | 1632fffd 1 0 17 18  0 | 10010168 00000004 | 10010168 00000000 |  0  10018000
  00261 | 00400110 | 1632fffd 0 1 17 18  0 | 00000000 00000000 | 1001016c 00000000 |  9  xxxxxxxx
  00262 | 00400104 | ae690000 0 0 19  9  0 | 1001016c fffffffd | 00000000 00000000 | 17  1001016c
  00263 | 00400108 | 8e290000 0 0 17  0  9 | 10018000 00000000 | 00000000 10010190 |  0  00000000
  00264 | 0040010c | 22310004 0 0 17  0 17 | 1001016c 00000000 | 10018000 xxxxxxxx |  0  00000000
  00265 | 00400110 | 1632fffd 1 0 17 18  0 | 1001016c 00000004 | 1001016c 00000000 |  0  10018000
  00266 | 00400110 | 1632fffd 0 1 17 18  0 | 00000000 00000000 | 10010170 00000000 |  9  xxxxxxxx
  00267 | 00400104 | ae690000 0 0 19  9  0 | 10010170 fffffffd | 00000000 00000000 | 17  10010170
  00268 | 00400108 | 8e290000 0 0 17  0  9 | 10018000 00000000 | 00000000 10010190 |  0  00000000
  00269 | 0040010c | 22310004 0 0 17  0 17 | 10010170 00000000 | 10018000 xxxxxxxx |  0  00000000
  0026a | 00400110 | 1632fffd 1 0 17 18  0 | 10010170 00000004 | 10010170 00000000 |  0  10018000
  0026b | 00400110 | 1632fffd 0 1 17 18  0 | 00000000 00000000 | 10010174 00000000 |  9  xxxxxxxx
  0026c | 00400104 | ae690000 0 0 19  9  0 | 10010174 fffffffd | 00000000 00000000 | 17  10010174
  0026d | 00400108 | 8e290000 0 0 17  0  9 | 10018000 00000000 | 00000000 10010190 |  0  00000000
  0026e | 0040010c | 22310004 0 0 17  0 17 | 10010174 00000000 | 10018000 xxxxxxxx |  0  00000000
  0026f | 00400110 | 1632fffd 1 0 17 18  0 | 10010174 00000004 | 10010174 00000000 |  0  10018000
  00270 | 00400110 | 1632fffd 0 1 17 18  0 | 00000000 00000000 | 10010178 00000000 |  9  xxxxxxxx
  00271 | 00400104 | ae690000 0 0 19  9  0 | 10010178 fffffffd | 00000000 00000000 | 17  10010178
  00272 | 00400108 | 8e290000 0 0 17  0  9 | 10018000 00000000 | 00000000 10010190 |  0  00000000
  00273 | 0040010c | 22310004 0 0 17  0 17 | 10010178 00000000 | 10018000 xxxxxxxx |  0  00000000
  00274 | 00400110 | 1632fffd 1 0 17 18  0 | 10010178 00000004 | 10010178 00000000 |  0  10018000
  00275 | 00400110 | 1632fffd 0 1 17 18  0 | 00000000 00000000 | 1001017c 00000000 |  9  xxxxxxxx
  00276 | 00400104 | ae690000 0 0 19  9  0 | 1001017c fffffffd | 00000000 00000000 | 17  1001017c
  00277 | 00400108 | 8e290000 0 0 17  0  9 | 10018000 00000000 | 00000000 10010190 |  0  00000000
  00278 | 0040010c | 22310004 0 0 17  0 17 | 1001017c 00000000 | 10018000 xxxxxxxx |  0  00000000
  00279 | 00400110 | 1632fffd 1 0 17 18  0 | 1001017c 00000004 | 1001017c 00000000 |  0  10018000
  0027a | 00400110 | 1632fffd 0 1 17 18  0 | 00000000 00000000 | 10010180 00000000 |  9  xxxxxxxx
  0027b | 00400104 | ae690000 0 0 19  9  0 | 10010180 fffffffd | 00000000 00000000 | 17  10010180
  0027c | 00400108 | 8e290000 0 0 17  0  9 | 10018000 00000000 | 00000000 10010190 |  0  00000000
  0027d | 0040010c | 22310004 0 0 17  0 17 | 10010180 00000000 | 10018000 xxxxxxxx |  0  00000000
  0027e | 00400110 | 1632fffd 1 0 17 18  0 | 10010180 00000004 | 10010180 00000000 |  0  10018000
  0027f | 00400110 | 1632fffd 0 1 17 18  0 | 00000000 00000000 | 10010184 00000000 |  9  xxxxxxxx
  00280 | 00400104 | ae690000 0 0 19  9  0 | 10010184 fffffffd | 00000000 00000000 | 17  10010184
  00281 | 00400108 | 8e290000 0 0 17  0  9 | 10018000 00000000 | 00000000 10010190 |  0  00000000
  00282 | 0040010c | 22310004 0 0 17  0 17 | 10010184 00000000 | 10018000 xxxxxxxx |  0  00000000
  00283 | 00400110 | 1632fffd 1 0 17 18  0 | 10010184 00000004 | 10010184 00000000 |  0  10018000
  00284 | 00400110 | 1632fffd 0 1 17 18  0 | 00000000 00000000 | 10010188 00000000 |  9  xxxxxxxx
  00285 | 00400104 | ae690000 0 0 19  9  0 | 10010188 fffffffd | 00000000 00000000 | 17  10010188
  00286 | 00400108 | 8e290000 0 0 17  0  9 | 10018000 00000000 | 00000000 10010190 |  0  00000000
  00287 | 0040010c | 22310004 0 0 17  0 17 | 10010188 00000000 | 10018000 xxxxxxxx |  0  00000000
  00288 | 00400110 | 1632fffd 1 0 17 18  0 | 10010188 00000004 | 10010188 00000000 |  0  10018000
  00289 | 00400110 | 1632fffd 0 1 17 18  0 | 00000000 00000000 | 1001018c 00000000 |  9  xxxxxxxx
  0028a | 00400104 | ae690000 0 0 19  9  0 | 1001018c fffffffd | 00000000 00000000 | 17  1001018c
  0028b | 00400108 | 8e290000 0 0 17  0  9 | 10018000 00000000 | 00000000 10010190 |  0  00000000
  0028c | 0040010c | 22310004 0 0 17  0 17 | 1001018c 00000000 | 10018000 xxxxxxxx |  0  00000000
  0028d | 00400110 | 1632fffd 1 0 17 18  0 | 1001018c 00000004 | 1001018c 00000000 |  0  10018000
  0028e | 00400110 | 1632fffd 0 1 17 18  0 | 00000000 00000000 | 10010190 00000000 |  9  xxxxxxxx
  0028f | 00400114 | ae690000 0 0 19  9  0 | 10010190 fffffffd | 00000000 00000000 | 17  10010190
  00290 | 00400118 | 00000000 0 0  0  0  0 | 10018000 00000000 | 00000000 10010190 |  0  00000000
  00291 | 0040011c | 2402000a 0 0  0  0  2 | 00000000 00000000 | 10018000 xxxxxxxx |  0  00000000
  00292 | 00400120 | 0000000c 0 0  0  0  0 | 00000000 0000000a | 00000000 00000000 |  0  10018000
  00293 | 00400124 | 00000000 0 0  0  0  0 | 00000000 00000000 | 0000000a 00000000 |  0  00000000
  00294 | 00400128 | 00000000 0 0  0  0  0 | 00000000 00000000 | 00000000 00000000 |  2  0000000a
  00295 | 0040012c | 00000000 0 0  0  0  0 | 00000000 00000000 | 00000000 00000000 |  0  00000000
  ram[ 0]=00000001
  ram[ 1]=00000002
  ram[ 2]=00000003
  ram[ 3]=00000004
  ram[ 4]=xxxxxxxx
  ram[ 5]=xxxxxxxx
  ram[ 6]=xxxxxxxx
  ram[ 7]=xxxxxxxx
  ram[ 8]=xxxxxxxx
  ram[ 9]=xxxxxxxx
  ram[10]=xxxxxxxx
  ram[11]=xxxxxxxx
  ram[12]=xxxxxxxx
  ram[13]=xxxxxxxx
  ram[14]=xxxxxxxx
  ram[15]=xxxxxxxx
  ram[16]=xxxxxxxx
  ram[17]=xxxxxxxx
  ram[18]=xxxxxxxx
  ram[19]=xxxxxxxx
  ram[20]=xxxxxxxx
  ram[21]=xxxxxxxx
  ram[22]=xxxxxxxx
  ram[23]=xxxxxxxx
  ram[24]=xxxxxxxx
  ram[25]=xxxxxxxx
  ram[26]=xxxxxxxx
  ram[27]=xxxxxxxx
  ram[28]=xxxxxxxx
  ram[29]=xxxxxxxx
  ram[30]=xxxxxxxx
  ram[31]=xxxxxxxx
  ram[32]=xxxxxxxx
  ram[33]=xxxxxxxx
  ram[34]=xxxxxxxx
  ram[35]=xxxxxxxx
  ram[36]=xxxxxxxx
  ram[37]=xxxxxxxx
  ram[38]=xxxxxxxx
  ram[39]=xxxxxxxx
  ram[40]=xxxxxxxx
  ram[41]=xxxxxxxx
  ram[42]=xxxxxxxx
  ram[43]=xxxxxxxx
  ram[44]=xxxxxxxx
  ram[45]=xxxxxxxx
  ram[46]=xxxxxxxx
  ram[47]=xxxxxxxx
  ram[48]=xxxxxxxx
  ram[49]=xxxxxxxx
  ram[50]=xxxxxxxx
  ram[51]=xxxxxxxx
  ram[52]=xxxxxxxx
  ram[53]=xxxxxxxx
  ram[54]=xxxxxxxx
  ram[55]=xxxxxxxx
  ram[56]=xxxxxxxx
  ram[57]=xxxxxxxx
  ram[58]=xxxxxxxx
  ram[59]=xxxxxxxx
  ram[60]=xxxxxxxx
  ram[61]=xxxxxxxx
  ram[62]=xxxxxxxx
  ram[63]=xxxxxxxx
  ram[64]=xxxxxxxx
  ram[65]=xxxxxxxx
  ram[66]=xxxxxxxx
  ram[67]=xxxxxxxx
  ram[68]=xxxxxxxx
  ram[69]=xxxxxxxx
  ram[70]=xxxxxxxx
  ram[71]=xxxxxxxx
  ram[72]=xxxxxxxx
  ram[73]=xxxxxxxx
  ram[74]=xxxxxxxx
  ram[75]=xxxxxxxx
  ram[76]=xxxxxxxx
  ram[77]=xxxxxxxx
  ram[78]=xxxxxxxx
  ram[79]=xxxxxxxx
  ram[80]=xxxxxxxx
  ram[81]=xxxxxxxx
  ram[82]=xxxxxxxx
  ram[83]=xxxxxxxx
  ram[84]=xxxxxxxx
  ram[85]=xxxxxxxx
  ram[86]=xxxxxxxx
  ram[87]=xxxxxxxx
  ram[88]=xxxxxxxx
  ram[89]=xxxxxxxx
  ram[90]=xxxxxxxx
  ram[91]=xxxxxxxx
  ram[92]=xxxxxxxx
  ram[93]=xxxxxxxx
  ram[94]=xxxxxxxx
  ram[95]=xxxxxxxx
  ram[96]=xxxxxxxx
  ram[97]=xxxxxxxx
  ram[98]=xxxxxxxx
  ram[99]=xxxxxxxx
  cycle =     661
